186436
5564.344091
1441
2.059426473
1229
2.061127873
43539
422.6647146
90379
1022.588263
2770
3.531416584
121109
2209.084151
178951
6027.323358
99025
1448.45224
1588
2.81795755
92091
1244.232516
1588
3.245918642
128635
2687.033664
130731
2373.071347
15672
31.87282087
27471
122.6379585
12709
14.98074153
10501
20.62716778
1314
1.982253227
6066
9.552901382
10392
12.08176016
2611
3.07632313
16290
37.39743233
25285
75.44450055
1042
1.794396791
2306
3.513821215
1229
2.813749704
23790
65.56860915
10412
16.35836006
9370
21.69664144
3655
5.573937621
9855
16.21129704
54567
333.7607708
31632
5053.919323
1639
4.100162629
47058
279.2800181
2244
3.563959551
187536
7288.938357
56415
427.3331411
36061
118.6057482
6373
10.31788755
6509
12.6096188
106898
1183.549298
17509
45.19144076
72209
495.7390767
31866
203.7549014
6119
12.32850344