18729
44.76950813
798
1.807172651
678
1.769991813
17107
40.95425226
24197
70.31913042
1099
3.78642655
19422
47.69508201
19375
52.96208946
18698
40.30071974
837
1.977627499
10549
17.8282398
837
2.587144226
17941
45.68231331
18103
37.28651097
5529
8.776651827
5717
7.429305118
5000
5.458189723
4469
7.651383227
688
1.668383838
3001
5.144192563
2633
3.756605324
1285
2.504699981
8895
17.95383523
5095
8.015962973
567
1.491252343
1640
3.568414471
678
2.404538676
8574
9.694894286
1907
5.539140495
1973
4.978336499
2380
4.130526549
3917
6.991913575
8582
13.33055879
16169
983.544299
978
4.083506636
7437
26.14819411
1100
3.310233755
23032
68.23538364
4938
7.613331034
13857
21.79741906
2424
9.4045741
3088
5.50002727
14758
19.4521991
6016
10.49537719
13390
16.02634082
3003
5.108417685
3956
6.370505673