48454
600.8542158
874
4.075900174
698
1.878479656
17752
107.0751078
36235
162.5027056
1219
2.939830943
38828
192.813771
38556
235.4194363
23875
73.10088982
874
2.100060506
14338
29.13857096
874
2.53535352
25706
96.69604799
23188
103.0306473
9010
16.03058163
7822
20.41596289
6100
6.597512822
5107
7.555855292
708
3.305425802
3129
5.45057252
2738
4.065558992
1317
2.278506205
11309
23.14341952
5291
9.425821717
583
1.583015951
1779
3.489550774
698
2.645710821
11848
18.05864123
2053
3.001993765
3449
9.471862509
2628
4.214172559
4018
7.430865438
9275
20.31362888
1605
4.262017436
7518
11.22484847
1154
3.168784106
40374
303.8160301
5028
8.317447779
14906
52.1845014
2749
5.422285108
3225
7.26172958
20545
45.61800285
7825
20.11260386
23341
45.50126192
3172
22.04797807
4308
7.683443198