8831
13.25598143
8916
13.4297348
6458
11.77027845
393
1.779251727
340
1.707195756
5051
9.637739309
7181
13.44481899
13869
31.45205935
404
2.510393365
5838
14.04907815
5516
12.0062692
6299
12.09986029
401
1.930318432
3678
10.15509152
401
2.516348114
5384
11.22258449
5971
10.72150983
17814
55.21686378
2203
6.490986019
1900
4.678507056
8622
124.271117
1816
3.754153018
6263
8.886159111
9061
19.43225567
5508
11.41102541
5050
37.86253526
1692
7.883900272
341
1.680985889
1094
4.362489657
991
3.47442233
562
2.382649647
2887
10.14842541
1778
5.553806425
310
1.410307241
681
3.264379991
340
2.419239241
2808
5.533941066
694
2.525312075
696
4.124716917
12405
19.05283758
8472
20.82283656
6459
18.07145511
976
3.294837402
9312
20.76868965
10068
14.40217713
1365
5.203676006
8689
13.35724311
2540
7.716214628
4783
34.38637212
569
3.892576192
7151
64.61442123
2089
21.76739426
383
3.293001322
6289
12.69482454
7301
11.31863029
12858
21.84605527
6612
9.368993321
1596
5.652175032
4289
8.466677163
913
9.334213535
1099
4.212190386
5391
9.085927562
2206
9.530311385
4606
7.940063151
1070
6.926469357
12212
22.18433409
7662
13.82895694
1156
4.645227669