71058
749.7801532
71460
623.3745894
61724
381.7650629
819
1.751353166
710
1.908301096
16622
62.4236888
30418
94.87323697
986
2.519582695
39287
175.2817321
58798
505.0765939
34492
140.7235547
885
2.128909227
29798
109.6536981
885
2.707650212
42072
208.5934696
42042
156.1501747
78599
817.3490158
6190
8.306310197
8744
12.89592511
4955
5.744557924
62901
382.5805197
103582
1635.132048
124446
2197.374654
13739
429.9920977
4033
7.634362815
739
1.769568575
2180
4.791653847
3570
4.428751685
1212
2.548192261
6124
10.65270909
8250
11.64917834
650
1.705273842
1035
3.636525106
710
2.636437137
8908
12.85860624
3932
4.496196
2939
5.115624353
98048
1648.653068
97110
1944.5579
106392
2969.037323
1669
3.610867112
55832
1312.477565
3454
6.451488232
15324
26.94291947
7987
92.91566728
1019
4.901539478
26871
3614.320285
14781
24.23654075
873
3.088763487
60960
516.868263
99556
1400.836605
136183
5677.758345
75361
536.2384228
17439
34.18935801
11622
16.89733031
2544
5.278607364
2302
4.948326024
35605
98.23650038
6362
10.55741506
24681
47.25420657
9165
19.18220892
116850
2233.324731
78871
780.0090297
2206
5.207593693
186436
5564.344091
1441
2.059426473
1229
2.061127873
43539
422.6647146
90379
1022.588263
2770
3.531416584
121109
2209.084151
178951
6027.323358
99025
1448.45224
1588
2.81795755
92091
1244.232516
1588
3.245918642
128635
2687.033664
130731
2373.071347
15672
31.87282087
27471
122.6379585
12709
14.98074153
10501
20.62716778
1314
1.982253227
6066
9.552901382
10392
12.08176016
2611
3.07632313
16290
37.39743233
25285
75.44450055
1042
1.794396791
2306
3.513821215
1229
2.813749704
23790
65.56860915
10412
16.35836006
9370
21.69664144
3655
5.573937621
9855
16.21129704
54567
333.7607708
31632
5053.919323
1639
4.100162629
47058
279.2800181
2244
3.563959551
187536
7288.938357
56415
427.3331411
36061
118.6057482
6373
10.31788755
6509
12.6096188
106898
1183.549298
17509
45.19144076
72209
495.7390767
31866
203.7549014
6119
12.32850344
2550
2.780349155
2154
2.619454715
109245
3127.447463
6310
10.53486548
2833
4.317027144
2833
5.252073047
32633
142.8244755
67753
822.5053598
27667
73.14270142
22711
97.04947446
2317
2.601105722
13271
32.68569564
23146
56.0787045
5193
4.789610398
36137
200.0046004
61797
493.3972463
1793
2.510410056
4546
5.097889893
2154
3.961335335
49606
352.3785604
22011
92.01479485
21594
74.05454065
7078
12.1121655
23018
65.57351253
145961
2772.3092
3070
5.391804387
111002
1792.072245
4450
5.382263673
137707
3232.425635
86037
887.7624988
13070
30.16890405
14484
36.09691662
40840
230.950595
170971
3701.934164
76292
1231.183945
13624
42.29586844