8831
13.25598143
8916
13.4297348
6458
11.77027845
393
1.779251727
340
1.707195756
5051
9.637739309
7181
13.44481899
13869
31.45205935
404
2.510393365
5838
14.04907815
5516
12.0062692
6299
12.09986029
401
1.930318432
3678
10.15509152
401
2.516348114
5384
11.22258449
5971
10.72150983
17814
55.21686378
2203
6.490986019
1900
4.678507056
8622
124.271117
1816
3.754153018
6263
8.886159111
9061
19.43225567
5508
11.41102541
5050
37.86253526
1692
7.883900272
341
1.680985889
1094
4.362489657
991
3.47442233
562
2.382649647
2887
10.14842541
1778
5.553806425
310
1.410307241
681
3.264379991
340
2.419239241
2808
5.533941066
694
2.525312075
696
4.124716917
12405
19.05283758
8472
20.82283656
6459
18.07145511
976
3.294837402
9312
20.76868965
10068
14.40217713
1365
5.203676006
8689
13.35724311
2540
7.716214628
4783
34.38637212
569
3.892576192
7151
64.61442123
2089
21.76739426
383
3.293001322
6289
12.69482454
7301
11.31863029
12858
21.84605527
6612
9.368993321
1596
5.652175032
4289
8.466677163
913
9.334213535
1099
4.212190386
5391
9.085927562
2206
9.530311385
4606
7.940063151
1070
6.926469357
12212
22.18433409
7662
13.82895694
1156
4.645227669
26011
73.47960943
26318
79.64790844
18729
44.76950813
798
1.807172651
678
1.769991813
17107
40.95425226
24197
70.31913042
47871
329.5877622
1099
3.78642655
19422
47.69508201
19375
52.96208946
18698
40.30071974
837
1.977627499
10549
17.8282398
837
2.587144226
17941
45.68231331
18103
37.28651097
47382
244.4443457
5529
8.776651827
5717
7.429305118
5000
5.458189723
19685
29.64963786
32968
129.0381771
16384
30.8518382
18783
2447.558338
4469
7.651383227
688
1.668383838
3001
5.144192563
2633
3.756605324
1285
2.504699981
8895
17.95383523
5095
8.015962973
567
1.491252343
1640
3.568414471
678
2.404538676
8574
9.694894286
1907
5.539140495
1973
4.978336499
35673
81.0727072
27099
422.7800507
50240
420.389987
2380
4.130526549
37099
179.4868074
32561
77.03641618
3917
6.991913575
27623
55.12109638
8582
13.33055879
16169
983.544299
978
4.083506636
21978
1925.858914
7437
26.14819411
1100
3.310233755
23032
68.23538364
23006
36.53240919
49021
162.8940828
21522
30.96943141
4938
7.613331034
13857
21.79741906
2424
9.4045741
3088
5.50002727
14758
19.4521991
6016
10.49537719
13390
16.02634082
3003
5.108417685
43845
311.3586045
24416
73.19908001
3956
6.370505673
79854
1077.607405
81779
1160.837936
45094
610.9415332
1390
2.111701705
1164
2.049847948
56562
692.7781288
56831
395.8795703
119059
3109.217117
2370
3.879977317
43879
253.4441587
46976
305.6421323
43110
201.0144116
1493
2.406312126
24086
80.20668693
1493
2.860271623
40797
240.598519
46409
288.2968615
106746
1589.080179
11669
22.55004895
13608
25.58502409
11413
11.66791345
51633
219.3881637
79082
788.816077
41336
177.3987194
9368
18.76529289
1221
1.861542203
6498
11.36753017
5834
5.572242983
2567
2.78347368
20431
67.00564845
12345
23.11917265
908
1.612551716
3317
3.892694662
1164
2.598372526
18605
31.0024713
4060
8.758896526
4416
7.202910272
84878
508.8707332
4739
6.196042482
119783
2310.032031
84367
530.9409904
9041
13.74991248
68448
385.6535529
24140
61.59601202
1858
4.162307474
17964
78.54907381
2337
3.485176519
55603
399.4733309
54250
235.9495019
125194
1242.559443
51210
193.0848892
11041
18.41195772
35146
153.5508885
5036
13.33278336
6776
11.40781371
33635
96.85374295
13936
29.13567467
30252
75.46328442
6607
10.69505834
64004
470.2182027
9544
19.30248678