0.5
0.2526315789
0.1827956989
0.2051282051
0.2
0.28
0.2272727273
1
0.2653061224
0.2919254658
0.4634146341
0.4242424242
0
0
0.5
0
0.5555555556
0.6666666667
0.5
1
1
0.5
0.397515528
0.9166666667
0.34375
0.4647887324
0
0.4285714286
0
0
0.3194444444
0.3517241379
0.4117647059
0.380952381
0.4444444444
0.16
1
0.6428571429
0.3981042654
0.2608695652
0.380952381
0.1764705882
0.3064516129
0.5
1
0.4962962963
1
0.5609756098
0.5483870968
0.5185185185
0.2808219178
0.4925373134
0.1818181818
0.5454545455
0.4897959184
0.5609756098
0.1428571429
1
0.3333333333
0.3777777778
0
0.6
0.625
0.8181818182
0.5483870968
0.5
0.3230769231
0.421686747
0.64
1
0.4090909091
0.4782608696
1
0.1818181818
1
1
0.03571428571
0
1
1
1
0.1428571429
0
0.76
0.5925925926
0.1666666667
0.2948717949
0.2393162393
0.3684210526
0.6
0.3513513514
0
0.1428571429
0.6363636364
0.1016949153
1
0.5
0.2
0.5789473684
0.6315789474
0.3913043478
0.3
0.3897058824
0.4857142857
1
0.3988439306
1
0.2391304348
0.4444444444
0.4
0.3668341709
1
0.07692307692
0.2457627119
0.4117647059
0.5
0.3571428571
0.3818181818
0.3387096774
0.2857142857
0.3472222222
0.1428571429
0.2040816327
1
1
0.125
0.6923076923
0.4347826087
0.1764705882
0.9137931034
0.5333333333
0.3846153846
0.4366197183
0.2682926829
0.5454545455
0.3333333333
0.2
0
0.4444444444
0.8148148148
0
0.1379310345
0.05172413793
0.08333333333
0.4166666667
1
1
1
0.1875
0.3529411765
0.3804347826
0.421875
0.4
0.5
0.3846153846
0.09523809524
0.375
0.2857142857
0.3913043478
0.5816326531
0
1
0.272
0
0.7441860465
0.5360824742
0.53125
0
0.3125
0
0.2857142857
0.3636363636
0.4166666667
0.4
1
0.4705882353
0
0.3684210526
0
0.3333333333
0.6315789474
0.75
0.6296296296
0.5769230769
0.44
0.6883116883
0.5
0.3868613139
0.2769230769
0.5
0.3846153846
0.2457627119
0.1428571429
0.2580645161
0.7037037037
0.5044247788
0.4
0.4761904762
0.4
0.1111111111
0.6382978723
0.28
0.2777777778
0.5769230769
0.5
0.2797619048
0.5
0.1552511416
0.2627118644
0.2676056338
0.4484848485
0.4583333333
1
0
0
0.3333333333
0.4375
0.3695652174
0.4695652174
1
1
1
0.375
0.1428571429
0.3296703297
0.6981132075
1
0.1428571429
0.3225806452
0.5333333333
0.4594594595
0.4
0.6666666667
0.3181818182
0.7391304348
0.7142857143
0.6
0.4328358209
0.2307692308
1
0.4659090909
0.4357142857
0.4406779661
0
1
1
1
1
0.2857142857
1
0.1428571429
0.59375
0.2037037037
0.1860465116
0.6041666667
0.1538461538
0.4285714286
0.1
0.2857142857
0.488372093
0.3333333333
0.4
0.3888888889
0.3125
1
1
0.3233082707
0
0.05263157895
0.6307692308
0.3795180723
0.4795918367
1
1
0.6666666667
0.4285714286
0
0.5223880597
0.3125
0.2513089005
0.45
0.347826087
0
0.1846153846
0.48
0.304964539
0.5
0.3421052632
0.6707317073
0.7142857143
1
0.3333333333
0.3674698795
0.2857142857
0.3571428571
0.2532051282
0.5
1
0.2871794872
0.3142857143
0.7
1
1
0.4259259259
1
0.2105263158
0.8541666667
0.2892561983
0.2941176471
0.15625
0.5
0.9
1
0.5
1
0.5
0.2857142857
0.4285714286
1
0.4575471698
0.3636363636
0.2916666667
0.44
0.9166666667
1
0.225
0.1162790698
0
0.2213740458
0.475
0.1428571429
0.4
0.36
1
0.2
0.2892156863
0.375
0.4426229508
0.09677419355
0.3492063492
1
0.4074074074
0.3777777778
0.08333333333
0.4444444444
0.4293478261
0.2105263158
1
1
0.1111111111
0.2464788732
0.6666666667
0.7714285714
0.1
1
1
0.5454545455
0.96
0
0.1428571429
0.4838709677
0
0.1428571429
0.4574468085
0
0.7272727273
0.25
0
0
0
0.3448275862
0.3125
0.5714285714
0.2222222222
0.25
0.2255639098
0.1346153846
0
0.3636363636
0.4583333333
0.3967391304
0.2857142857
0.2857142857
0.3846153846
0.3428571429
0
0.2
0.323943662
0.2666666667
0.5882352941
0.2162162162
1
0.1612903226
1
0.5634920635
0.3846153846
0.253968254
0
0.4180327869
0.5294117647
0.1666666667
0.2619047619
0.6666666667
1
0.07692307692
0.5333333333
1
0
0.2901554404
1
0
0.3333333333
0
0.08333333333
0
0.5833333333
1
0.3636363636
0.3684210526
0.1428571429
0.4
0
0.6923076923
0.6923076923
0.4666666667
0.3928571429
1
0.5641025641
0.25
0.4210526316
0.8571428571
0.5263157895
1
0.3229813665
0.7529411765
0.2
0.1428571429
0.4814814815
0.3333333333
0.5294117647
0.5
0.5333333333
1
0.3591160221
0.368
0.4782608696
0.9
0
0.1428571429
0.75
0.5294117647
0.75
0.1111111111
0.1
0
0.2857142857
0.3621621622
0.4166666667
0.1666666667
0.7391304348
0.3675675676
0.4827586207
0.1428571429
0.6666666667
0.2666666667
1
0.5
0.3428571429
0.5
1
0.2
0.2857142857
1
1
0.6666666667
0.7307692308
0.3708609272
0.3157894737
1
0.4962406015
0.4050632911
0
0.4375
0.3940520446
0.6818181818
1
0
0.3526011561
0.125
1
0.1428571429
0.353909465
0.4545454545
1
0.4166666667
0
0.4375
0.52
1
1
0.3333333333
0
1
0.5
0.5443037975
0.1379310345
0.5833333333
0.1619047619
1
0.5238095238
0.2857142857
0.1666666667
0.829787234
0.4823529412
0.65
1
0.3611111111
0.4225352113
0.4782608696
1
0.1621621622
0.06666666667
0.3333333333
0.6024096386
0.25
0.3125
0.375
0.125
0.3255813953
0.4444444444
1
1
0.3026315789
0.4487179487
1
0
1
0
0.4230769231
0.8
0.1081081081
0.7777777778
1
1
0.1797752809
0.7407407407
0.3594771242
0.3866666667
0.2142857143
0.3333333333
0.2666666667
0.4166666667
0.3846153846
1
0.2307692308
0.5
0.5476190476
1
0.1666666667
1
0.3636363636
0.5555555556
1
0.4020618557
0.8
1
1
0.5
0.9
1
0.5769230769
0.4
0.5634920635
1
1
0.16
1
0.25
0
1
0
0.4143646409
0.4912280702
1
1
0.2222222222
1
0.4444444444
0.1666666667
1
0.5
0
1
1
1
0.5
1
0.3782771536
0.1428571429
0.5
0.2
0.3676470588
0.2234042553
0.6666666667
0
0.3333333333
0
0.6
0.6666666667
0.375
0.9743589744
1
0.4934210526
0.2142857143
0.8055555556
0.3333333333
0.4
0.6666666667
0.7586206897
0.1349206349
0.2432432432
0.5294117647
0.1428571429
0.6666666667
0.4375
0.3387096774
0.1666666667
1
0.5714285714
0.3333333333
1
0.3888888889
0.1237113402
0.5833333333
0.8571428571
0.2916666667
1
0.3333333333
0.4736842105
1
0.3333333333
0.4375
1
0.3086419753
0.5609756098
0
0.75
0.3708609272
0.25
0.3888888889
0
0.4571428571
0.4918032787
0.75
1
0.3698630137
0.305785124
0.4166666667
0
1
0.4
0
1
1
0.9166666667
0.1034482759
0.5
0.1904761905
0.3085106383
0.2857142857
0.3142857143
1
0.4
1
0.7777777778
0.976744186
0.6875
0.612244898
0.5
0.4545454545
0.75
0.3636363636
0.2204724409
0
0.75
1
0.5
0
0.3467741935
0.3333333333
0.1052631579
0.6046511628
0.6785714286
0
0.9230769231
0.4705882353
0.2236842105
0.652173913
0.2962962963
0.3902439024
1
0.4228571429
0.2631578947
0.2
1
0.2142857143
0.2857142857
0.2647058824
1
0.25
0.4615384615
0.4814814815
0.24
0.6212121212
0.1363636364
0.3333333333
1
1
0.2142857143
0.3636363636
0
0.3333333333
1
0.5909090909
0.7142857143
1
1
0.5833333333
0.4444444444
0
0.2866242038
0.4074074074
0.6222222222
0.5
0.5087719298
1
0.2444444444
0.3846153846
0.5238095238
0.3
0.6315789474
1
0.5348837209
1
0.5238095238
0.4078947368
0.5079365079
1
0.6666666667
0.1428571429
1
0.36
0.5656565657
0.2222222222
0.3636363636
0.5238095238
0.3116883117
0
0.5
0.2222222222
1
0.3558282209
0.40625
0.3636363636
0
0.4285714286
0.4838709677
0.2619047619
0
1
0.4375
1
0.3
0.4375
0.8
0.75
0.5254237288
0.6666666667
0.5161290323
0.5
0.1764705882
1
0.5789473684
0.3174603175
0.4946808511
0.06918238994
0.2222222222
0.1428571429
0.9333333333
0.5555555556
1
0.78125
0.56
0.1428571429
0.5555555556
1
0.1428571429
1
1
0
0.1388888889
0.4032258065
1
0.3129770992
0.44
0.3875968992
0.2222222222
0.5294117647
0.7142857143
1
0.2291666667
0.2670807453
0.3548387097
0.3516483516
0.35
0.25
0
1
0.5277777778
1
0.3181818182
0.4071146245
0.3362831858
0.4444444444
0.3070175439
0.615942029
0.3285714286
0.75
1
0.9
0.1428571429
0.2
0.3125
0.3777777778
0.3444444444
0.6363636364
0.5277777778
0.2950819672
0.5384615385
0.2820512821
0.3
0.296875
0.4193548387
1
0.9677419355
0.6666666667
0.4285714286
0.4133333333
0.2631578947
0.3375796178
0.4
0.8333333333
0.4651162791
1
1
1
1
1
0.8888888889
0.2514285714
0.1428571429
0.6363636364
0.6
0.4545454545
0
0.2173913043
0.5
0.3181818182
0.53125
0.25
0.3626373626
0.625
0.4
0.275862069
1
0.5272727273
0.5086705202
0.08333333333
1
0.1837837838
0.75
0.4285714286
0.2857142857
1
0
0.375
0.5
1
0.6470588235
0.7
1
0.1764705882
1
0.7941176471
0
0.5217391304
0.5
1
0.6666666667
0.1587301587
1
0.6666666667
1
0.2075471698
0.2153846154
0.4444444444
0.4081632653
1
0.8
1
1
0.3617021277
0.6380952381
0
1
0.3421052632
1
0.4444444444
0
0.4606741573
0.1357142857
0.4778761062
0.1111111111
0.4494949495
0.3181818182
0.6
1
0.1428571429
0.2719298246
0.3333333333
0.25
1
0.4776119403
0.75
0.5
0.3333333333
0.5806451613
0.4444444444
0.4644549763
0.5119047619
0.2222222222
0.1860465116
0.6923076923
0.4571428571
0.5769230769
0.3166666667
1
0.1363636364
0.25
0.5
0.5
0
0.6470588235
0.9615384615
0.4
0.2592592593
0.1666666667
0
1
0
0.1428571429
0.8571428571
0.4578313253
0.1428571429
0.28
0
0.125
0.5
0.5384615385
0.4583333333
0.09090909091
0.4210526316
0.2727272727
0.1666666667
0.25
0.5
1
0.7
1
0.375
0.275862069
0.4285714286
0.4316546763
0.2
0.3461538462
0.5
0.6315789474
0.4736842105
0.3940520446
0.5769230769
0.8157894737
0.5555555556
0.1860465116
1
0
0.2857142857
0
1
0.8392857143
0.06666666667
0.5949367089
0.2906976744
0.3163265306
0.4
0.8387096774
0.5416666667
0.6
0.4285714286
0.8125
0.5952380952
0.3181818182
0.3846153846
1
0.4736842105
0.1428571429
0
0.2
0.4117647059
0.125
0.6183206107
0.6153846154
0.3939393939
1
1
0.421686747
1
0.7777777778
0.2391304348
0.4827586207
0.375
0.4230769231
0.4174757282
0
0.3425925926
0
0.75
1
0.1428571429
0.5291262136
0.5064935065
0.4689265537
0.15
0.4
0
0.2954545455
0.7727272727
1
0.4166666667
1
0.4545454545
0.4305555556
0.125
0.2857142857
1
0.5909090909
1
1
0.3780487805
0.4285714286
1
0
0.5135135135
0.5
0.5714285714
0.4436090226
0.5
1
0.1
0.1428571429
0.6363636364
0.1428571429
1
0.6071428571
0.7777777778
0.8095238095
0.4814814815
1
1
0.1428571429
0.5
1
0.4
0.4285714286
1
0.7380952381
0
0
0.02898550725
0.6125
1
0.2568807339
0.2537313433
1
0
0.1194029851
1
0.1428571429
1
0.4705882353
0.2608695652
0.25
0.8333333333
0.8571428571
0.5
1
0.4117647059
0.5
0.75
0.1428571429
0
0.1428571429
0.5238095238
0.1428571429
0.6666666667
0.4480519481
0.2153846154
0.2727272727
0.4285714286
0.75
0.4545454545
0.5454545455
1
0.07216494845
0.4545454545
1
0.3743315508
0.3
0.2
0.3409090909
0.4375
1
0.4875
0.5
0.3870967742
0.65
0.09090909091
0.7142857143
0.4137931034
0.196969697
0.1428571429
0.6
0.1666666667
0.2
1
0.7142857143
0.2
0.3230769231
0.5657894737
1
0.7777777778
0.3529411765
0
0.2222222222
0.2
0.3
0.4285714286
0
0.3888888889
1
0.5
0.6825396825
0.175
0.4693877551
1
0.3796296296
0.6
1
0.6842105263
0.4545454545
0.302238806
0.2463768116
0.5
0.2307692308
0.5042735043
0.4454545455
0.2941176471
0.3157894737
0
0.4285714286
0.3333333333
0.3
1
0.6666666667
0.3333333333
0.2142857143
0.1448275862
0.6315789474
0.4
0.1176470588
0.4615384615
0.6071428571
0.3
0.1454545455
0.2727272727
0.34375
0.9166666667
0.2692307692
0.4117647059
0.1349206349
0.1875
0.2424242424
0.75
0.36
0.5454545455
0.1111111111
0.3428571429
0.3428571429
0.3413173653
0.2235294118
0.5483870968
1
1
0.5
0.3333333333
0.5882352941
0.8
0.3076923077
0.6
0.2888888889
1
0.53125
0.5
0.5180722892
0
0.75
0.4044117647
0.3333333333
0.5555555556
0.4
1
0.1428571429
0.6153846154
1
0
0.6094674556
0.36
0.6666666667
0.6125
0.2
0.4698795181
1
0.1428571429
0.25
1
0.8888888889
0.125
0.2901554404
0.4285714286
0.3103448276
0.2916666667
0.2352941176
0.3157894737
0.1315789474
0.2325581395
0.4615384615
0.8333333333
0
1
0.3375796178
0.4
1
0.5625
0.1428571429
0.5
0.125
0.3125
0.1111111111
0
0.25
0.8
0.1428571429
1
0.4375
0.2709677419
1
0.7272727273
0.2040816327
1
0.36
0.4814814815
0.1397058824
0.3333333333
0
0.2
0.5762711864
0.6101694915
0.4358974359
0.3333333333
0.3333333333
0.7272727273
0.2523364486
0.2142857143
1
0.4035087719
1
1
0.4928571429
0.01818181818
0.3793103448
0.3636363636
1
0.1694915254
0.3333333333
0.5606060606
0.1315789474
0.7878787879
0.3235294118
0
0.2631578947
0.4186046512
0.369047619
1
1
0.4022988506
1
0.6923076923
0.1428571429
0.6666666667
0.1428571429
0.9
0.6
0.8333333333
1
0.25
0.6666666667
0.157480315
0
0.5263157895
1
0.3442622951
1
0.02222222222
0.125
0.4885057471
1
0.8
1
0.4285714286
0.4482758621
0.8
0.6
0.3926940639
0.5166666667
0
0.5833333333
0
1
0.4130434783
0.08988764045
1
0.3677419355
0.7333333333
0.6666666667
1
0
0
1
0.4897959184
0.5470588235
0.4032258065
0.5
0.4827586207
0.3349056604
1
0.1764705882
0.3333333333
0.4166666667
0.1829268293
1
1
0.8
1
0.5
1
0.9090909091
0.4871794872
0.495049505
0.5
0.8
0
0.387755102
0.1428571429
1
0
0.4539877301
0.3888888889
0.4444444444
0.9545454545
0.3242320819
0.5797101449
0.1395348837
0.7837837838
0.5762711864
0.4615384615
1
0.3606557377
0.84
0.8
1
0.3636363636
0.6666666667
0.3733333333
0.625
0.6153846154
0.3333333333
0.4333333333
0.3333333333
0.3357664234
1
0.4358974359
0.4093264249
1
1
0.2894736842
0.75
0.1666666667
0.5
0.4444444444
0.4393063584
0.4117647059
0.2307692308
0.2
0.2222222222
0.7
0.1578947368
0.1538461538
0.3142857143
0.6
0.3825757576
0.7142857143
0.4814814815
0.4375
0.6
0.5
0.44
0.5
0.4893617021
0
0.125
0.1666666667
0.1764705882
0.2637362637
0.4137931034
0.5130434783
1
0.3703703704
0.384
0.1428571429
0.58
1
0.3666666667
0.675
0.3245614035
0.5
0.1315789474
0.8888888889
1
0.25
0.3157894737
0.1777777778
1
1
0.4408602151
0.6363636364
0.3333333333
0.3881578947
0.3793103448
0.3333333333
0.1851851852
1
0.3602941176
1
0.3333333333
0.3529411765
0.4545454545
0.2886597938
1
0.5181818182
0.625
0.5769230769
0.5697674419
0.2
0.5833333333
1
0.5
0.5
0.7
0.4642857143
0.4797297297
0.4814814815
0
0.3095238095
0.3179487179
0.3518518519
0.4761904762
0.1428571429
0.1975308642
1
0.3636363636
0.3376623377
0.301369863
0
0
1
0.2631578947
0.4458598726
1
0.5
0.6888888889
0.9
0.3503649635
0.5614973262
0.1923076923
0.5666666667
0.3157894737
0.25
0.875
0.76
0.4050632911
0.2727272727
0.2523364486
0.3211678832
1
0.2307692308
1
0.9787234043
0.5344827586
0.3333333333
0.3179723502
1
1
1
0.6140350877
0.3703703704
0.5180722892
0.4444444444
0.2264150943
0.2523364486
0.04545454545
0.08888888889
0.6923076923
0.35
0.1428571429
0.3157894737
0.5641025641
0.2352941176
0.4054054054
0.4388888889
0.4347826087
0.679245283
0.2293577982
0
1
0
0.3469387755
0.625
0.25
0.3076923077
0.2
0.4390243902
0.4117647059
0.04761904762
0.4347826087
1
1
0.2727272727
0.5762711864
0.05454545455
0
0.3
0.4571428571
1
0.2888888889
0.3121019108
0.3
1
0.4482758621
0
0.2105263158
0.5238095238
0.2352941176
0.4897959184
0.2954545455
0.1451612903
0.1259259259
1
0.2457627119
0.6285714286
0.4358974359
0
1
0.1428571429
0.6
1
0.2043010753
0.2962962963
0.6
0.5652173913
1
0.3151515152
0.4318181818
0.4615384615
0.3333333333
0.64
0.7586206897
1
0.07142857143
0
0.3
1
1
0.3225806452
0.1666666667
0.4482758621
0.6923076923
1
0.5
1
1
0.6363636364
0.4130434783
0
1
0.375
0.65
0.6363636364
0.3333333333
0
0.4966442953
0.5
0.5
0.4802259887
0.6666666667
0.1538461538
1
0.3333333333
0.25
0.5
0.8918918919
0.25
0.3428571429
1
0.4444444444
0.5769230769
0.4545454545
0.5394736842
0.5287356322
1
0.3333333333
0.6595744681
0
0.5384615385
0.4
1
0.4
0.3428571429
1
0.8571428571
0.2738095238
0.5862068966
0.4181818182
0
0.125
0.5581395349
0.5
0.4155844156
0.6666666667
0.6543209877
0.5833333333
0.6666666667
1
0.9411764706
0.6734693878
0.4114583333
0.6666666667
0.7142857143
0.1071428571
0.347826087
0.9333333333
0.4444444444
0.1428571429
0
0.487804878
0.5324675325
0.4
1
0.75
0.4117647059
0.3846153846
0.6822429907
0.3916666667
0.2695652174
0.2056074766
0.75
0.4444444444
0.2857142857
0.397260274
0.537037037
0.3307086614
0.3125
0.1428571429
1
0.4615384615
0.08333333333
0.1146788991
1
0.2096774194
0
0.6060606061
0
0.1666666667
0.3846153846
0
0.46875
0.3224043716
0.6666666667
0.55
1
1
1
0.5483870968
0.5333333333
0.380952381
0.6666666667
0.3560606061
0.4150943396
1
0
0.6666666667
0.5238095238
0.375
0.65
0.3404255319
0.5666666667
0.2878787879
1
0.5888888889
0.625
0.5918367347
0.3076923077
0.1379310345
1
0.5205479452
1
0.3529411765
0.4120879121
0.2952380952
0.8
0.1451612903
0.3333333333
0.4885057471
0.5660377358
0.4850746269
0.1428571429
0.2
0.4
0.2727272727
0.6071428571
0.4
0.5434782609
0.4814814815
0.52
0.3777777778
0.3421052632
1
1
0.308988764
1
0.4545454545
0.4285714286
0.3333333333
0.75
0.4765625
0.380952381
0.5
0.3448275862
1
0.6666666667
1
1
0.5
0.3670212766
0.4571428571
0.4444444444
1
1
0.3474320242
0.3863636364
0.4680851064
0.3913043478
0
0.1
0.2777777778
0
0.2
1
0.4444444444
0.3333333333
0.5
0.3333333333
0.9090909091
0.6666666667
0.5333333333
0.4148148148
0
0.6315789474
0.4702702703
0.3366336634
0.8
0.3684210526
0.5454545455
0.3257575758
1
0.5375
0.5166666667
0.1851851852
0.125
0.1818181818
1
0.8333333333
1
0.2777777778
0.5333333333
0.1818181818
0.6
0.2857142857
1
0.8125
0.36
0
0.5093632959
0.3197674419
0.07407407407
0.4482758621
0.5414364641
0.2222222222
0.4444444444
0.2765957447
0.2857142857
0.4
0.358778626
0.5462962963
0.1666666667
0.5759493671
1
0.0987654321
0.3333333333
1
0.7058823529
0.35
0.2222222222
0.1428571429
0.4285714286
0.5
0
0
0
0.3365384615
1
0.09638554217
0.1428571429
0.8333333333
0.2346938776
0
0.3673469388
1
0.6
0.3333333333
0.75
0.4285714286
1
0.2777777778
0.4423076923
0.6
0.75
0.4038461538
0.487804878
0.2307692308
0.1428571429
0.4050632911
1
0.5844155844
0.2
0.4571428571
0.75
1
0.3888888889
0.1538461538
0.1818181818
0.08823529412
0.1666666667
0
0.3894736842
0.4
1
0.25
0.5
0.5806451613
1
0
1
0
0.6666666667
0.6025641026
0.3111111111
1
0.1111111111
0.5
0.2
0.6363636364
0
0.3333333333
1
0.4117647059
0.4577464789
1
0.6
0
0.1428571429
0.4533333333
0.6
0.2272727273
1
0.4444444444
1
0.3571428571
1
0.09836065574
0.25
0.1428571429
0.48
0.7155172414
0.1428571429
0.2421524664
0.4285714286
0.5555555556
0.3265306122
0.2770562771
0
0.2927927928
1
0.5
0.5842696629
0
0.1428571429
0.6666666667
0.4
0.3333333333
0
0.4588235294
0.9166666667
1
1
0.1538461538
0.5042735043
0.5
0.4579439252
0.75
0.4085603113
0
1
0.6666666667
0.1965317919
0.4482758621
0.5
0.72
0.1428571429
0.1960784314
1
0.5336787565
0.3529411765
0.2457627119
0.4090909091
0.40625
0.75
0.358974359
0.6125
0.6
0.6153846154
0.5157894737
0.4126984127
0.4050632911
0.6376811594
0.3192771084
0.2435897436
1
0.5
0.2857142857
0.3333333333
0.4137931034
0.4571428571
0.4898785425
0.4647887324
1
1
0.4803921569
0.3928571429
0.4941176471
0.6
1
0.1162790698
0.3
0.2272727273
1
0.5294117647
0.3
0.5490196078
0.2222222222
0.2795698925
0.5384615385
0.3076923077
0.5673076923
0.2688172043
0.2
1
0.7
0.6470588235
0.3076923077
0.4615384615
0.5
0.4186046512
0.4
0.8070175439
0.3636363636
0.3920454545
0.6341463415
1
0.36
0.3636363636
0
1
1
0.625
0.5555555556
0.5833333333
1
0.3333333333
0.3461538462
0.3333333333
0
0.6
0.6315789474
0.3152173913
0.5192307692
1
0.3333333333
1
0
0.2701149425
0.5714285714
0.5
0.75
0.5
1
0.75
0.6666666667
0.5
0.1
0.3869047619
1
0.2836363636
1
0.6774193548
1
0.3333333333
0.5
0.7272727273
0.2245989305
0.3882352941
0.5675675676
1
0.5
0.3699421965
0.4
0.2857142857
1
0.3823529412
0.4571428571
0.2978723404
0.4050632911
1
0.2978723404
0.3333333333
0.3693379791
0.5833333333
1
0.5
0.4193548387
0.5656565657
0.2352941176
0.4680851064
0.6666666667
0.75
0.4
0.5384615385
0
0.3305084746
0.2427184466
0.4074074074
0.3157894737
0.5490196078
0.2471910112
0.35
0.5
0.3706896552
0.5714285714
0.25
0.06666666667
0.2631578947
0.1666666667
0.2222222222
1
0.4594594595
1
1
0.962962963
0
0.4458598726
0.2
1
0.2
0.3333333333
0.1666666667
0.3529411765
0.1428571429
0.3333333333
0.1824817518
0
0.2697368421
0.8
0.5483870968
0.4012345679
0.3703703704
0.1428571429
0.3404255319
0.3333333333
0.4444444444
0.5409836066
0.2573529412
0.6
0.5833333333
0.5555555556
0.7857142857
0.8
1
0.3157894737
1
1
1
0.2457627119
0.2561983471
1
0.3703703704
0
0.3913043478
0.55
0.6422764228
0.4242424242
0.3805970149
0.625
0.3582089552
0.1428571429
0.4545454545
0.4655172414
0.3333333333
0.8
0.1111111111
0.4090909091
0
0.375
1
0.4814814815
0.1428571429
1
0.8085106383
0.4086956522
0.3011363636
0.8196721311
0.7368421053
0.7058823529
0.4444444444
0.6315789474
0.6097560976
0.2173913043
0.2
0.4236111111
0.6
0.3461538462
1
0.347826087
0.25
0.44
1
0.3723849372
0.7142857143
0.8974358974
0.5
0
1
0.8
0.3170731707
0.3333333333
0.5
0.5555555556
1
0.4117647059
0.4761904762
0.5185185185
1
1
1
0.1860465116
0.1428571429
0
0.275862069
0.4523809524
0
0.25
0.2857142857
0
0.5833333333
1
1
0.4545454545
0.3913043478
0.3448275862
0.02127659574
1
0.1388888889
1
0.393258427
0
0.5634920635
1
0.3214285714
0.1428571429
1
0.2063492063
0
0
0.5409836066
0.1428571429
1
0.4545454545
0.45
1
0.3181818182
0.4130434783
0.1587301587
1
0.4242424242
0
0.4444444444
0.4
0
0.4777777778
0.5833333333
0.3987341772
1
0.6206896552
0.4814814815
0.4444444444
1
0.4
0.1267605634
0.4444444444
0.4177777778
0.2823529412
1
0.41
0.9285714286
0.2
0.75
0.4210526316
1
0.3131313131
0.5474452555
0.8571428571
1
0.28
0.5
0.75
0.5
1
0.3225806452
0.9090909091
1
0.2727272727
1
0.5573770492
1
0.5
0.1333333333
1
0.5
0.75
0.2731481481
0.25
0.2
0.4444444444
0.2
0.4074074074
0.2666666667
0.4166666667
0.6
0.5
1
1
0.1428571429
0.4375
0.2716049383
1
1
0.4
0.7272727273
0.5
1
0.5135135135
0.09090909091
0.7096774194
0.4166666667
0.5
0.5454545455
0.5
0.5517241379
1
0.8
0.4090909091
0.6956521739
0.3333333333
0
0.375
0.5098039216
1
0.4117647059
0.265060241
0.4
0.5714285714
0.1458333333
1
0.3529411765
1
0.4917127072
1
0.1428571429
0.1764705882
0.125
0.3333333333
0.6923076923
1
0.3636363636
0.2916666667
0.2307692308
0.8571428571
0.4627659574
0.38
0.1666666667
0.9603960396
0.03636363636
0.4615384615
0.8
0.4705882353
0.3333333333
0.347826087
0.6666666667
0.1428571429
0.3375
0.6759259259
0.3913043478
0.1851851852
0.2
1
0.3096774194
0.4537815126
1
0
0.3928571429
0.9032258065
0.5833333333
0.44
0.3181818182
0.75
0.2
1
0.4444444444
0.4166666667
0.4166666667
0.6
0.5584415584
0.8787878788
0.5762711864
0.2403846154
0.8888888889
0.2608695652
0.08333333333
0.8541666667
0
1
1
0.5
0.4444444444
0.2962962963
0.2448979592
0.4130434783
1
0.25
0.3370786517
0.6734693878
0
1
0
0.8571428571
0.4117647059
0.5555555556
1
0.5
0.1538461538
1
0.4255319149
1
0.5744680851
0
0.3185840708
0.1538461538
0.4166666667
0.6022727273
0.6129032258
0
0.2068965517
0.4615384615
0.3240740741
0.3576642336
0.4444444444
0.1982758621
0.1111111111
0.3137254902
0
0.6538461538
0.4076086957
0
0.2777777778
0.09333333333
0.8333333333
0.3888888889
0
0.5416666667
0.2608695652
0.3333333333
0.2
0.5625
1
0.6666666667
0.7236842105
0.5882352941
1
1
0.25
0.2689655172
0.4
0.5806451613
0.7
0.2388059701
0.7222222222
0.4
0.5166666667
0.3513513514
0.1428571429
0.5294117647
0.8333333333
0.3333333333
0.9333333333
0.1666666667
0.1818181818
1
0.4814814815
0
1
0.4545454545
0.36
0.3414634146
0.4814814815
0
1
0.1428571429
0.157480315
1
0.5588235294
0.4583333333
0.1428571429
0.4855072464
1
0.6666666667
0.6111111111
1
0.4388888889
0.3604651163
0.6
0.2857142857
0.3333333333
1
0.9512195122
0.2467532468
0.125
0.3235294118
0.5238095238
0.6031746032
0.28
0.2
0.625
1
0.3402061856
0.2
1
0.4606060606
0.3392857143
1
0.3214285714
0
0.2153846154
1
0.1851851852
0.05769230769
0
0.5
0.5328467153
0.4411764706
0.2802197802
0.7619047619
0.75
0.3773584906
0.7
0.2
0.314516129
0.6666666667
0.8333333333
1
0.1379310345
0.38
0.4649122807
0.3333333333
0.9743589744
0.07692307692
0.3793103448
0.1882352941
0.2727272727
0.3364485981
0.5555555556
1
1
0.75
0.5625
0.1428571429
1
1
0.2586206897
0.3913043478
0.4684210526
0.2424242424
0.4285714286
0.3026315789
0.7777777778
0.3875
0.6
0.625
0.2796610169
1
0.2235294118
0.55
0.5142857143
0.387755102
0.55
0.2857142857
0.324137931
0.8333333333
0.5454545455
0.1428571429
0.2556818182
0.6666666667
0.5882352941
1
0.6
0.6666666667
0.9285714286
0.3548387097
0.3333333333
0.2
0.4782608696
0.5901639344
0.7674418605
0.4
0
1
0.5806451613
0.5333333333
0.25
1
0.6
0.3375
0.5882352941
0.5
0.5416666667
0.4571428571
1
0.25
0.2
1
0.3375
0.3333333333
0.1818181818
0.48
1
1
0.4285714286
0.2789473684
0.8181818182
1
0.5789473684
0.4545454545
0.3882978723
0
0.375
1
0.7777777778
1
0.5714285714
1
0.2457627119
0.1374045802
0.3155339806
0.619047619
1
0.6666666667
0.1212121212
0
0.7333333333
0.2
0.24
0.1428571429
0.3984962406
1
0.6666666667
0.65
0.3684210526
0.4615384615
0.5
0
0.125
0.2
0.4117647059
0.6666666667
0.5
0.4
1
0.6956521739
0
0
0.4920634921
1
0.2
1
1
0.3125
0
1
0.2857142857
1
0
0.1111111111
0.5084745763
0.5909090909
0.08333333333
0.3768115942
0.5079365079
0.5714285714
0.5714285714
0.5294117647
1
0.3515625
0.6
0.2
0.6923076923
0.4615384615
0.3333333333
0.3015873016
0.4587155963
0.02727272727
0.4615384615
0.3529411765
0.4
0.35
0.3571428571
0.1666666667
0.8222222222
0.3125
0.1428571429
0.4081632653
0
0.5
0.3913043478
1
0.6363636364
0.3203125
1
1
1
1
1
0.44
1
1
0
1
0.8823529412
0.5090909091
0.3131313131
1
0.8055555556
0
0.2
0.25
0.4545454545
0.65
0.4
1
0.1428571429
0.5181818182
0.375
0.3333333333
0.2699386503
0.515625
0.6666666667
0.1153846154
0.4
0.3448275862
0.1666666667
0.3333333333
0.1666666667
0.6666666667
0.5
0.3185840708
0
0.1428571429
0.4736842105
0.4756554307
0.1666666667
0.04347826087
1
0.375
0.2352941176
0.1884816754
0.4200913242
0.35
1
0.3225806452
0.5277777778
0.3205128205
0.3666666667
0.3846153846
0.6666666667
0.125
0.6315789474
0.1411764706
0.36
0.6923076923
1
0.5882352941
1
1
0.24
1
0.5555555556
0.3333333333
0.2666666667
0.164021164
0.6666666667
1
0.1428571429
0.2941176471
0.25
0.0985915493
0.375
0.3417721519
1
0.1987179487
0.3541666667
0.3
1
0.75
0.6
0.6818181818
0.2435897436
0.4636363636
0.7142857143
0.4
0.3333333333
0.2168674699
0.3
0.2203389831
1
0.2380952381
0.3602484472
1
0.1818181818
0.1428571429
0.4
0.09090909091
0.4404761905
0.4117647059
1
0.75
0.125
0.1176470588
0.4193548387
1
1
0
0.5762711864
0.35
0.5
0
0
0.4571428571
0.28125
0.4
0.3
0.4444444444
0.25
1
0.8333333333
0.25
0.5333333333
0.2941176471
0.8888888889
0.3486238532
0.3333333333
0
0.4285714286
0.2142857143
0.6527777778
0.3428571429
0.6666666667
0.5
0.35
0.25
0.07692307692
0.2142857143
0.4
0.5
1
0.7272727273
0.1132075472
0.1470588235
0.3275862069
0.4058823529
0.4088050314
0.287037037
0.2040816327
0.5
0.4183673469
0.3636363636
0.2380952381
0.4716981132
0.2857142857
0.5
1
0.3411764706
1
0.2741935484
0
1
0.3632286996
1
0.1875
0.4
0.375
0.3716814159
0.1111111111
0.3291139241
0.5
0.5833333333
0.3235294118
0.3520408163
0.3428571429
0.1666666667
0.58
0.3333333333
0.5
1
0.3333333333
0.1790123457
0.5294117647
0.5
0.3157894737
0
0.2734375
0.1428571429
0.3333333333
0
0.3333333333
0.2
0
0.36
0.5
0.4748603352
0.4372294372
0
0.6666666667
1
0.5
0.4566210046
0.2578125
0.1818181818
0.3333333333
0.2777777778
0.75
0.4140625
0.5714285714
0.1796875
0.406779661
1
0.3214285714
1
0
0.4571428571
0.4965034965
0.6976744186
0.375
0.4027777778
0
0.1142857143
0.3333333333
0.4615384615
0.6301369863
0.1818181818
0.4285714286
1
0.3636363636
0.1428571429
0.3333333333
1
1
0.4
0.1428571429
0.7777777778
1
0.4183673469
1
0.4052631579
0.6428571429
0.5789473684
0.4833333333
1
0.6666666667
0.6666666667
0.3913043478
0.2857142857
0.1388888889
0.4761904762
0.2222222222
0.4054054054
0.4814814815
0.1333333333
0
0.4571428571
0.2352941176
0.6
0.6315789474
0.6842105263
0.1428571429
0.4
1
0.4148148148
0.25
0.5714285714
0.3157894737
1
0
0.2068965517
1
0.1
0.0625
0.8421052632
0.5797101449
0.2631578947
0.3333333333
0.4921465969
1
0.4752066116
1
0.2
0.6666666667
0.1428571429
0.4074074074
0.1428571429
1
0.5
0.4196891192
0.3333333333
0.3375796178
1
0.3939393939
0
0.1428571429
0.3902439024
0.6
0.4210526316
0.5
0.3333333333
0.6057692308
0.3
0.2352941176
0.1911764706
0.4081632653
0.1666666667
0.8571428571
0.2307692308
0.15
0.5769230769
0.5555555556
0.5
0.3271604938
0.7142857143
0.2385786802
0.75
1
0
1
0.701754386
0.25
0.3141361257
0.4210526316
0.3404255319
0.5483870968
0.75
0.6315789474
0.4090909091
0.6865671642
0
0.45
0.3404255319
0.3333333333
0.2
1
0.3125
0.1911764706
0.5714285714
0.1111111111
0.316091954
1
0.4429530201
1
1
0.05555555556
0.5714285714
1
0.1538461538
0.4545454545
0.36
0.3571428571
0.36
0.1428571429
1
0.4864864865
0.5762711864
0.1428571429
0.3913043478
0.3529411765
0.2692307692
0.5
1
0.3670886076
1
0
0.4452054795
0
1
1
0.5
0.935483871
0.2857142857
1
1
0.3571428571
0.1428571429
0.546875
0.4285714286
0.6282051282
0.7142857143
0.2
1
0.3255813953
0.5562130178
0.4186046512
0.36
0.1428571429
0.5555555556
1
0.5894736842
0
0.3333333333
0.8333333333
0.1666666667
0.5068493151
0.4615384615
0.25
1
1
0.4309392265
0.1875
1
0.4444444444
0.5769230769
0.4615384615
0.2884615385
0.1428571429
0.3636363636
0.2857142857
0.7692307692
0.5
0.04109589041
0.7674418605
1
0.462962963
0.2105263158
1
1
0.8387096774
1
1
0
0.4761904762
0.2397260274
1
0.380952381
0.5
0.3043478261
0.1111111111
0.5
0.3846153846
1
0.4945054945
0.4545454545
0.78125
1
0.4814814815
0.4375
0.5909090909
0.65
0.5
0.3285714286
0.2874251497
0
1
0.4444444444
0.375
0.1578947368
0.4577464789
0.3333333333
0.2941176471
0.2294372294
0.3923444976
1
0.3333333333
0.3636363636
0.5
0.6666666667
0.5
0.3333333333
1
0.3913043478
0.2105263158
0.1428571429
0.5384615385
0.6666666667
0.425
0.5762711864
0.2307692308
0.2393617021
0.3333333333
0.5454545455
0
0.1428571429
0
0.3314606742
0.2
0.4852941176
0.3483870968
0.5238095238
1
0.3835616438
0.2941176471
0.9038461538
0.5294117647
0.8
1
0.1111111111
0.6388888889
0.2857142857
0.6666666667
0.4285714286
1
0.3461538462
0.3863636364
0.3873873874
0
0.625
1
0.3421052632
0.1338582677
0.9508196721
0.04166666667
0.4
0.1428571429
0.3695652174
0.4035087719
0
0.3333333333
0.8
0.6153846154
0.3632075472
0.328358209
0.7142857143
0.4285714286
0.3333333333
0.380952381
0.4794520548
0.3359073359
1
0.3923303835
0.5748502994
0.3333333333
0.4642857143
0.2
0.3774509804
0.3076923077
0.5
0.5857142857
1
0.3333333333
0.5333333333
0.4705882353
0.8571428571
1
0
0.2857142857
0.2215568862
0.6666666667
0.8958333333
0.2238095238
1
0.7083333333
0.2345679012
0.4576271186
0.1428571429
0.4
1
0
0.04545454545
0.4166666667
0.2
1
0.5714285714
0.3571428571
0.3125
0.311023622
0.3333333333
1
0.9166666667
0.125
0.3290322581
0.315018315
0.5697674419
1
0.3333333333
0.8333333333
1
0.2388059701
0.5555555556
0.3529411765
0.5
0.415
1
1
1
0.3636363636
0.36
0.4444444444
1
0.4934210526
0.2142857143
0.1764705882
0.3
0.4166666667
0.4285714286
1
0.3053892216
0.3636363636
0.4545454545
0.5166666667
0.25
0.5
0.375
0.2598039216
1
0.2692307692
1
0.3
0.4444444444
0.2058823529
0.1515151515
0.7272727273
0.5
0
0
0
0.4615384615
0.5454545455
0.1
0.4455445545
0.3439490446
0.5
0.3619631902
0.3333333333
0.75
0.3428571429
0.3
1
1
0.5
0.4285714286
0
1
1
0
0.2722513089
0.4117647059
0.1666666667
0
0.4782608696
0.1875
0.2083333333
0.3703703704
0.4807692308
0
0.3655172414
0.6666666667
0.3178294574
1
0.4242424242
0.4674556213
0.5555555556
0.2
1
1
1
0.375
0.1428571429
0
0.8
0.2873563218
0.4615384615
0.2551020408
0.2790697674
0.4615384615
0.3333333333
1
0.1818181818
1
0.1428571429
0.1818181818
0.1844660194
0.4
1
0.3511904762
0.65
0.1875
0.5
0.4050632911
1
1
0.652173913
1
0.3529411765
0.3333333333
1
0.619047619
0.3636363636
0.8854166667
0.5
0.125
0
0.3
1
0.3333333333
0.5020576132
0.3333333333
0.2727272727
0.4778761062
0.3987341772
0.3666666667
0.8571428571
0.5806451613
0.1960784314
0.7272727273
0.6534653465
1
0.40625
0.5238095238
0.3333333333
0
1
0.08988764045
0.5555555556
0.5294117647
0.8235294118
0.3064516129
0.8333333333
0.6756756757
0.5263157895
0
0.3333333333
0.8
1
1
0.2727272727
0.4857142857
0.55
0.3626373626
0.3913043478
0.5
1
0.375
1
0.387434555
0.35
0.1774193548
0.3538461538
0.4571428571
0.125
1
1
0.7
0.4691358025
0.35
1
1
0.08235294118
0.2523364486
0.2272727273
0.6086956522
0.6666666667
0
0
0.5
1
0.5
0.3793103448
0.5
0.5172413793
0.2848101266
0.05263157895
0.3125
0.125
0.3
0
0.375
0.4285714286
0.3846153846
0
1
1
0.2857142857
0
0.4117647059
1
0.4107142857
0.6090225564
0.1818181818
0.5882352941
0.381294964
0.09090909091
0.25
1
0.7777777778
0.2
0.2307692308
1
1
0.6734693878
0.5
0.1818181818
0.2058823529
0.4634146341
0
0.1764705882
0.4545454545
1
0.2243589744
0.1338582677
1
0.3255813953
0.4148148148
0.06756756757
0.5806451613
0.9583333333
0.304
0.6086956522
0.52
1
0.05263157895
0.2666666667
1
1
0.4482758621
0.6730769231
0.3125
0.5
0.625
0.4733333333
1
0.1333333333
1
1
0.3333333333
0.3224043716
0.8
1
0.2105263158
0.5555555556
0
0.5
0.9
0.4285714286
0.3777777778
0.3692307692
1
0.2
1
0.4
0.5454545455
0.2916666667
0.8181818182
0
0.6666666667
0.6428571429
0
0.9761904762
1
0.07407407407
0.3
0.36
0.3196347032
0.25
0.25
0.2027027027
0.5555555556
0.4166666667
0.15
0.4901960784
0.5196850394
0.6301369863
0.05263157895
0.6734693878
0.4029850746
0.203125
0.5483870968
0.3636363636
0.4370860927
0.5
0.1111111111
0.3
0.5306122449
0
0.2941176471
0.1349206349
1
0.5168539326
0.625
0.4423076923
0
0.5
0.347826087
0.8
0.07692307692
0.6455696203
0.3636363636
1
0.6024096386
0.2
0.3777777778
1
0.4615384615
0.2394366197
1
0.2222222222
1
0.1928571429
0.3333333333
0.96
0.7142857143
0.4505494505
0.4035087719
0.447761194
0.3580786026
0.1428571429
1
0.1265822785
0
0.5263157895
0.5769230769
0.2857142857
0.1315789474
0.6694214876
0.3
0
0.3333333333
0.6666666667
1
0.3620689655
0.289017341
0.5074626866
0.5862068966
0.2941176471
1
1
0.2272727273
0.2727272727
1
0.6923076923
0.03174603175
0.4426229508
0.1428571429
0
0.7209302326
0.6842105263
0.8333333333
0.5
0.2987012987
0.6923076923
0.3
1
1
0.6829268293
0.6
0
1
1
0.4117647059
0
0.4117647059
0.2608695652
0.5714285714
0.2666666667
0.4666666667
0.4736842105
0.04255319149
1
0.2641509434
0.2
0.2941176471
0.1538461538
0.4065934066
0.7142857143
1
0.1428571429
0.6
0.3
0.5833333333
0.3333333333
0.4375
0.05172413793
0.3
0.5263157895
1
1
0.2352941176
1
0.5309278351
0.4
0.2857142857
0.1052631579
0
0.4455445545
0.1428571429
1
0
0.4444444444
1
0.4545454545
1
0.4642857143
0.3
0.1818181818
1
0
1
0.2631578947
0.3467741935
0.25
0.3333333333
0
0
0.1428571429
1
1
0.3870967742
1
0.4
1
0.09090909091
0.3333333333
0.8
0
0.5454545455
0
0.375
0.5
0.4618320611
0.4152542373
0.02380952381
0.75
0.75
0.4025157233
0
0.3620689655
0
1
0.7142857143
1
0.1666666667
0.3006993007
0.25
0.3244680851
1
0.2727272727
0.5
0.75
0.5217391304
0.4897959184
0.315
0.3448275862
0.4666666667
1
1
0.3
0.5714285714
1
0.6875
1
1
0.4166666667
0
0.9375
0.4782608696
0.3181818182
0.4186046512
0.3043478261
1
0.7777777778
0.2222222222
1
0.3931623932
0.06896551724
0.25
1
0.4444444444
0.5294117647
0.8333333333
0.3636363636
0.2352941176
0.2352941176
0
0
0.5945945946
0.3025210084
0.75
0.3098591549
0.4583333333
0.5
0.7448979592
1
0.3456790123
1
0.552238806
0.696969697
1
0.7
0.1111111111
0.3684210526
0.3333333333
0.8275862069
0.07142857143
0.4074074074
0.2352941176
0.08988764045
0.1764705882
0.2818181818
0.4285714286
0.25
0.7115384615
0.3125
0.8333333333
0.3529411765
0.4204545455
1
0.5833333333
0.3846153846
0.4444444444
0.4
0.5
0.4117647059
0.3230769231
0.6071428571
1
0.4736842105
1
0.1428571429
0.4647887324
1
0.2727272727
0.5
0.2348993289
0.7272727273
0.25
0
0.6470588235
0.1428571429
0.3793103448
0.4479166667
0.3793103448
0.4838709677
0.5333333333
0.4054054054
0.4166666667
0.5029585799
1
0.4117647059
0.243902439
0.3494623656
0.8
0.625
0.3076923077
0.8918918919
0.6153846154
0
1
0
0.7
0.4827586207
0.4090909091
0.4193548387
1
0.3333333333
0.5882352941
1
0.06666666667
0.3670886076
0.326446281
0.4222222222
0.2
0
0.2
0.3366336634
0
0.3913043478
0.2331288344
1
0.4838709677
0.4444444444
0.3839285714
0.6262626263
0.3653846154
0.1428571429
0.4761904762
0.25
0.375
0.3181818182
0.1428571429
0
0.4285714286
0.3924050633
0.4137931034
0.3076923077
0.2916666667
0.4444444444
0.2
0.4285714286
1
0.1875
0.6315789474
0
0.380952381
0.3463414634
0.4090909091
0.6666666667
0.1428571429
1
1
1
0.25
1
0.6666666667
0.4133333333
0.3793103448
0.6530612245
0.3571428571
0.4193548387
0.1818181818
0.4285714286
0.3823529412
0.7222222222
0.5
0.1379310345
0.3529411765
1
0.65
0.3684210526
0.1428571429
0.6111111111
0.3684210526
0.4050632911
0.6538461538
1
0.5769230769
0
0.5806451613
0.7032967033
1
0.3181818182
0.6
0.3689320388
0.5128205128
0.3925233645
0.4615384615
1
0.3333333333
0
0.25
0.5068493151
1
0.1272727273
0.07142857143
0.2222222222
0
1
0.4385026738
0.3
0.4130434783
0.75
0
0.7142857143
1
0.25
0.1863354037
0.9032258065
0
0.5833333333
0.4111111111
0
1
0.4080717489
0.02985074627
0
0.4557823129
0
0.5384615385
0.2040816327
0
0.2802768166
0.2773109244
0.528
0.1666666667
1
0.4545454545
0.4
1
1
1
0.2142857143
0.1666666667
0.5
0.2073170732
0.4782608696
0.2857142857
0.3333333333
1
0
0.75
0.1428571429
0.4642857143
0.2457627119
0.4684210526
0
0.2919708029
0.3381294964
0.2941176471
0.4272727273
0.5166666667
0.75
1
0.3233830846
0.3
0.4
0.3816793893
0.3695652174
0.5217391304
1
0.3977900552
1
0.3333333333
0
0.1428571429
0.6379310345
0.4198895028
0
0.2288135593
0.6551724138
0.5891472868
0.45
1
0.09090909091
0.4074074074
1
0.625
0.3333333333
0.3939393939
0.5483870968
0.347826087
0.2857142857
0.3571428571
0.5
0.6470588235
0.5342465753
0.5660377358
0.6111111111
0.9166666667
0.5391304348
1
1
1
0
0.1764705882
0
0.5294117647
0.25
1
0
0.2222222222
0.09411764706
0
1
0.9090909091
0.2442748092
1
1
0.2608695652
1
1
0.4459459459
0.3
0
0.625
0.5625
0.4585987261
1
0.875
0.3520408163
0.6842105263
0.125
0.3214285714
0
0.5801526718
0
0.3470588235
0.2304832714
0.4835164835
0
0.4166666667
0.2065217391
1
1
0.3333333333
0.7619047619
0.1428571429
0.2535211268
1
0.7777777778
0.6315789474
0.7878787879
0.2222222222
0.5217391304
0.07692307692
0.34375
0.3333333333
1
0.1428571429
0.4814814815
0.2058823529
0.2222222222
0.4166666667
0.4087837838
0.1041666667
0.3684210526
0.5208333333
0.08536585366
0.5833333333
1
0.3333333333
0.1666666667
0.45
0.1428571429
1
1
0.4347826087
0.3333333333
0.4761904762
1
1
1
0.5333333333
0.3307086614
0.1818181818
0.1485148515
1
1
0.5555555556
0.1428571429
0.785046729
0.4583333333
1
0.3684210526
0.5
0.2272727273
0.2209302326
0.282208589
0.05882352941
0.8333333333
0.7777777778
0.4285714286
0.5438596491
0.4
0.25
0.3260869565
1
0.2857142857
0.5
1
0.4615384615
0.4444444444
0.1530054645
1
0.4444444444
0.05128205128
1
0.6629213483
0.4705882353
0.4095744681
0.4328358209
0
0.31
0.74
0.5090909091
0.5625
0
0.4339622642
0
0.9047619048
0.2727272727
0.2027027027
0.4761904762
0.3154761905
0.5217391304
0.2371134021
0.2
0.5
0.2142857143
0.6666666667
0.4976303318
1
0.04545454545
0.28
0.6666666667
0.25
0.5496688742
0.2666666667
0.6923076923
0.5142857143
0
0.5975609756
1
0.4
0
0.306122449
1
0
0.8275862069
0.4444444444
0.4444444444
0.4090909091
0.5178571429
1
1
0.65
0.1129032258
0.4778761062
0.6
1
0.1428571429
0.06451612903
0.2432432432
0.3157894737
0.6923076923
0.1485148515
0.2
1
1
0.5384615385
0.3648648649
0.2727272727
0.4473684211
0.1428571429
0.4166666667
0.5
0.2432432432
1
0.4444444444
0.3428571429
0.7777777778
0.2074688797
0.625
1
0.4444444444
1
0.1666666667
1
1
0.375
0.4285714286
0
0.4
0.4285714286
0.4133333333
1
1
0.2795698925
1
1
0
0.5806451613
0
0.5441176471
1
0.2080536913
0.4
0.4666666667
0.7857142857
0.35
0.2564102564
1
0.4142857143
0.9487179487
0.5192307692
0.6
0.26
0.4871794872
0
0.2352941176
1
0.1785714286
0.4285714286
0.1538461538
0.4155844156
0.1875
0.5
1
0.4
0.5833333333
0
1
0.3409090909
0.5
1
0.3636363636
0.08988764045
0.3181818182
0.2857142857
0
0.3
0.4111111111
0.5564516129
0.4166666667
0.6
0
0.4785714286
0.1428571429
0
0
0.05263157895
0.5
0.2972972973
0.6666666667
0.7142857143
1
0.4482758621
1
0.2941176471
0.36
0.4444444444
0.4
0.2578125
0.2352941176
0.3942857143
0.4705882353
0.3913043478
0.5217391304
0.375
1
0.3443396226
0.4
0.4
0.4588235294
1
0.75
0.3831775701
1
0.3483146067
0.5
0.6764705882
0.1875
0.3181818182
1
0
0.2457627119
1
1
1
0.16
0.8
0.3529411765
0.2457627119
0.325
0.1060606061
1
0.6
0.3333333333
0.1860465116
0.8
0.2814814815
0.380952381
1
0.125
0.08333333333
0.1
0.875
0.3928571429
0.9090909091
0.2947976879
0.5
0.5769230769
0
0.4
0.1428571429
0.3209876543
0
0.4285714286
0.1666666667
1
1
0.4344262295
1
0.2871794872
0.2672413793
0.4375
0
0.3059701493
0.5384615385
0
1
0.358974359
0.25
0
0.2857142857
0.3812154696
0.9655172414
0.125
0.1428571429
0.2617449664
0.2786885246
0.4653465347
0.4615384615
0.2352941176
0.5208333333
0.2142857143
1
0.1
0.4452554745
0.5
0.4126984127
0.3157894737
0.05555555556
0.75
0.125
0.25
0.5
0.4814814815
0.4827586207
0.8488372093
0.495049505
1
0.8888888889
0.128
0.3181818182
0.4736842105
0.5172413793
0.75
0.5641025641
0.08695652174
0.8636363636
0
0.3333333333
0.2
0.6
0.4651162791
0.3333333333
1
0.5
1
0.2777777778
0
1
0.2653061224
0.3333333333
0.3333333333
0.3333333333
0.328358209
0.347826087
0.3333333333
0.25
0.2941176471
0.25
1
0.4
0.6428571429
0.350877193
0.625
0.4935064935
0.4285714286
0.5
0.1818181818
0.5277777778
0.4
0.5
0.36
0.325
0.6875
0.1875
0.6301369863
1
0.375
1
0.4553571429
1
0.7024793388
1
1
0.3184713376
0.2871794872
0.2727272727
0.6666666667
1
1
0.28
0.5
0
0.3181818182
0.4120879121
0
1
0.6470588235
0.6210526316
0.5
0.7258064516
0.1666666667
0.06896551724
1
1
0.612244898
0
1
0.2671232877
0.1538461538
0.4130434783
1
0.08
0.6470588235
0.16
0.2235294118
0.1481481481
0.5918367347
0.4
1
0.5384615385
0.5454545455
1
0.125
0.5909090909
0.2569444444
0.1578947368
0.3333333333
0.1666666667
0.425
0.3529411765
0.5483870968
0.6666666667
0.4285714286
0.4545454545
0.25
0.4090909091
1
0.1428571429
0.2857142857
0.8571428571
0.1666666667
1
0.3311688312
0
1
1
0.6923076923
1
0.5806451613
0.5806451613
0.4088050314
0.5714285714
0.5454545455
0.170212766
0.75
0.8571428571
0.1612903226
0.5
0.5217391304
1
0.2634730539
1
0.75
0.4871794872
1
0.4285714286
0.3990825688
0.4166666667
0.2640692641
0.75
1
0.1764705882
0.3815789474
0.08988764045
0.6451612903
0.3434343434
0
0.6666666667
1
0.2777777778
0.4594594595
0.380952381
0.4
0.4
0.32
0.4791666667
0.3076923077
0.45
0.3114754098
1
0.4
0.7142857143
0.1551724138
0.3148148148
0.3714285714
0
1
0.4285714286
0.5454545455
1
0.5769230769
0.6666666667
0.75
0.2777777778
0.3142857143
0.1739130435
1
0.880952381
0.1428571429
0.46
0.4
1
0.875
0.3404255319
0.4854368932
0.3698630137
0.2901234568
0.40625
0.6153846154
0.6111111111
0.4454545455
0.75
0.6756756757
0.25
0.1428571429
0
1
1
1
0.25
1