20077
60.85620158
20314
107.6482991
17452
54.38137494
441
3.643281758
353
1.965920689
5388
12.75799631
11758
30.22912127
37647
238.4449172
444
2.656948804
13040
27.92267438
12644
34.71299709
9004
15.51290002
424
2.097831896
5220
10.46229637
424
2.464563111
8557
17.71720254
8123
20.1508563
23913
164.3830158
3819
7.014120181
2630
5.426903868
2400
4.245503786
12212
18.25571343
18734
61.17594431
23492
63.4024399
2021
5.229516281
354
3.551398384
1183
4.242593832
1041
3.511638201
581
2.203462002
3905
9.655998707
1877
6.045655126
320
1.483862859
766
3.061141202
353
2.563052193
4046
6.721184754
791
2.804366647
1232
8.236580449
19845
38.39318182
33144
312.1409636
6605
21.71673689
1110
3.638771626
14930
76.97712721
22830
92.53516721
1416
5.443951545
18574
84.04253941
2942
7.575371208
897
4.146451027
2148
6.606877121
416
2.91927173
12769
40.81797392
11739
18.50583419
19632
43.5529917
10635
14.92001412
1650
5.967327447
4793
10.5577034
1111
4.250363657
1197
6.182632358
7568
11.59316493
2904
19.15810214
7964
10.82818275
1170
21.20576357
16221
52.18452535
10398
26.00884657
1402
4.808414241
48093
526.8846625
48583
537.3819469
48454
600.8542158
874
4.075900174
698
1.878479656
17752
107.0751078
36235
162.5027056
115974
3133.971368
1219
2.939830943
38828
192.813771
38556
235.4194363
23875
73.10088982
874
2.100060506
14338
29.13857096
874
2.53535352
25706
96.69604799
23188
103.0306473
62292
802.8351346
9010
16.03058163
7822
20.41596289
6100
6.597512822
35220
161.6441331
60722
526.1949516
49590
318.1957694
5107
7.555855292
708
3.305425802
3129
5.45057252
2738
4.065558992
1317
2.278506205
11309
23.14341952
5291
9.425821717
583
1.583015951
1779
3.489550774
698
2.645710821
11848
18.05864123
2053
3.001993765
3449
9.471862509
54642
237.2042669
50494
428.8496311
2628
4.214172559
52367
720.8469931
72779
1942.848178
4018
7.430865438
57450
1420.177326
9275
20.31362888
1605
4.262017436
7518
11.22484847
1154
3.168784106
40374
303.8160301
34687
100.5985476
67716
391.5655746
33436
87.11377931
5028
8.317447779
14906
52.1845014
2749
5.422285108
3225
7.26172958
20545
45.61800285
7825
20.11260386
23341
45.50126192
3172
22.04797807
52717
883.2992346
31706
197.721132
4308
7.683443198
1529
4.359859781
1201
1.97889433
57749
1979.257724
84298
1042.806547
2681
4.20689333
87326
1248.309096
90119
1480.004587
54511
393.2986554
1561
2.400253156
32488
150.9968607
1561
3.074443253
57862
556.6597481
60991
1052.675666
138703
4593.28538
18682
62.94682204
18959
108.1439683
13651
18.73664604
120802
1834.378581
142261
3373.848847
122878
2275.433196
10582
20.37375257
1258
4.250722153
6732
10.1084869
6011
6.316341009
2623
3.135756125
26042
101.3255159
12796
25.06638778
938
1.739701164
3567
4.290343746
1201
2.726592456
25215
77.29085644
4331
5.538122954
7675
21.20556839
126456
1540.91847
5173
7.029417368
9212
16.3852332
25408
78.90000926
3003
5.676944182
18109
45.17190001
2432
3.804795685
93996
1635.751724
80215
559.0515353
168008
2659.254433
78553
527.4489881
11205
23.3352933
37390
470.1076083
5613
10.09025789
7027
11.41965759
47092
254.2128713
18216
68.06519509
53856
262.6640763
6920
31.49996647
10197
26.06547718
2759
5.993527009
2129
2.522000635
6626
42.61030337
127453
2281.948186
2823
3.306141565
73976
3019.836036
2823
3.828312804
123177
2379.584894
39091
214.3171832
47351
617.1835783
28523
83.44775323
22291
90.10971513
2240
4.93555258
14171
33.13484939
13182
19.40705954
4918
4.962911014
58198
515.3321814
32006
161.4456016
1624
2.141251337
7028
8.246852263
2129
3.391601748
53058
320.9362184
8981
15.13967357
16807
71.65914517
10169
19.34684758
21234
71.82060545
66916
472.149524
5744
10.58437764
40580
240.4131442
4895
5.753147217
178451
3533.689513
169436
2956.429988
25279
85.49530116
11325
26.14582032
14954
42.32599996
111698
1576.64284
42147
287.5378268
124552
1573.81674
14798
81.94062751
20786
76.41758802