5,22,18
4482,5279,16187
59,3,0
37,0,20
22,0,200
31,129,11
6,1,20
37,101,173
16,39,0
29,21,0
20,7,44
6,24,1
29,144,268
54,0,8
32,10,27
14,0,25
9,0,3
80,16,216
16,31,76
28,1,0
22,83,61
65,13,1172
25,842,236
5,4,0
145,54,553
669,24,181
5,8,9
20,4,36
6214,81,21397
48,0,1
10,95,4
28,7,18
29,70,516
105,108,560
108,366,0
82,39,922
6,0,9
20,1,52
146,74,2034
13,3,2
2,0,2
20,27,74
7,116,28
13,33,127
69,102,896
5,2,0
26,16,357
7,16,0
6,2,5
10,4,0
29,2,2
47,28,250
73,8,575
29,51,54
2,1,0
10,4,41
8,44,12
136,381,1450
61,11,1174
69,84,159
74,46,824
19,8,7
5,1,20
112,73,601
43,1,15
34,31,778
5,4,0
77,2,0
3390,15,2244
2656,486,1839
5,0,4
6555,295,10695
36,11,580
14,2,2
23,13,38
2604,4,2848
287,54,538
112,162,2279
12,27,45
4,0,3
51,79,2057
5,0,1
22,0,4
65,27,477
53,5,50
17,0,2
2105,3070,941
6,0,3
9,6,16
19,2,41
201,17,1258
8,2,6
6,10,14
60,62,123
191,2,5
9,24,390
36,74,280
11,152,105
73,6,197
5,20,0
18,0,19
30,0,40
26,43,155
7,39,89
4,1,0
11,8,0
17,4,17
364,1878,5233
16,5,9
7,4,3
15,17,2
15,34,70
122,11,728
9,2,0
18,0,14
3,1,0
23,4,48
243,635,2899
23,8,350
22,8,8
75,11,787
122,36,2082
349,12,273
26,14,104
260,27,3542
222,556,5316
58,46,382
5,42,1
4,8,0
20,1,106
106,20,900
78,41,142
42,0,30
19,76,100
30,4,2
7,9,2
19,18,24
1050000,2,31
27,15,615
30,29,420
706,4278,11429
84,197,1590
3,2,0
199,86,1827
35,21,116
30,2,6
23,33,0
52,4,40
41,68,199
8,8,8
30,90,211
46,19,1245
5724,107,3257
6,10,0
116,0,8
13,3,40
21,10,0
24,120,167
15,20,93
13,144,107
806,704,1587
7,0,18
11,10,1
8,7,32
38,0,459
35,0,51
7761,403,4156
36,201,107
21,3,219
20,8,510
198,22,103
42,294,1096
22,6,15
223,55,4703
93,0,1
14,99,40
3,1,0
9,58,146
23,0,3
5,4,10
51,51,354
20,1,23
91,31,836
351,24,0
16,0,3
11,8,0
52,0,19
22,6,6
8,0,50
3879,8,2567
1050000,1,111
92,20,0
16,25,181
56,26,1398
54,185,146
11,82,56
32,55,66
140,41,2559
7,4,0
58,19,766
50,29,24
13,2,14
431,43,62
131,22,1295
39,3,2
9,27,50
28,0,14
89,4,2
12,1,10
37,7,365
33,11,209
241,1090,8081
53,1,16
43,390,111
5,7,6
49,5,63
192,2,2
166,30,361
4,13,0
16,4,0
33,7,48
249,37,3012
5,0,1
5,1,0
70,11,0
5,0,1
4,1,0
72,35,1532
26,30,813
3,0,1
31,65,658
46,148,829
53,8,98
1050000,0,3
250,2,0
12,6,9
253,8,1877
24,79,971
137,12,1953
2330,71,1168
61,77,2182
7,17,0
234,4,394
63,53,71
33,2,29
34,15,85
74,13,68
7989,834,36997
107,43,1364
40,56,0
24,2,0
10,17,0
4,0,3
78,72,2177
7,20,4
5,3,0
4,14,0
53,6,236
2068,9,2179
25,14,42
9,15,88
110,39,120
6,6,0
24,70,462
14,2,8
2619,7,4735
5,10,0
19,13,66
23,2,0
24,1,0
38,12,62
96,61,1421
31,23,0
6,4,0
11,30,0
192,24,1942
37,0,1
7,4,0
698,0,11
10,2,0
4,19,0
8,6,14
11,26,0
20,31,343
19,8,30
20,23,11
21,0,45
160,66,8
37,6,0
40,1,1
18,2,19
20,0,71
70,13,163
8,0,3
49,15,10
13,263,95
27,7,20
183,1,0
16,6,2
519,59,223
43,16,24
60,6,301
7,1,0
7,5,4
6,34,20
19,7,0
14,19,15
202,47,4085
4,3,0
24,250,590
29,7,0
222,18,3687
35,61,488
36,0,13
218,81,294
144,576,5825
4,0,1
1867,327,916
4,17,4
5,5,0
10,9,15
4,0,17
24,6,4
93,0,1
43,4,0
12,16,4
2009,43,3448
655,70,3017
76,5,166
3,57,33
8,8,0
17,61,68
33,204,80
17,36,3
10,4,54
6,58,31
107,11,64
5,0,1
25,5,7
18,19,0
16,5,27
47,14,23
23,0,288
45,0,204
36,206,234
4,1,0
92,18,0
7,14,55
24,1,286
8,8,0
37,3,820
25,5,114
1083,229,5892
9,10,0
42,43,816
19,6,105
318,43,6934
912,272,1696
39,16,150
41,0,5
19,13,73
15,25,0
18,75,120
4,3,0
5,1,0
14,16,6
11,0,17
27,2,128
52,32,567
54,23,213
322,1780,2290
294,415,5729
7,1,0
4,2,0
1572,36,2081
90,8,3
71,103,392
40,8,65
20,0,34
17,2,59
336,86,0
27,13,21
3,0,3
4,5,12
51,5,0
7,4,0
207,59,490
7,38,15
280,62,223
643,294,276
624,3,3864
421,15,0
199,2,688
21,69,52
4,5,0
99,44,16
22,3,0
10,1,0
5,1,0
43,0,1
126,10,349
56,96,979
70,2,37
6,7,16
310,916,4665
17,12,368
348,457,5802
49,0,153
11,12,0
10,1,0
260,35,2884
21,39,38
112,10,2
71,6,0
6,35,1
328,17,0
5,6,23
2155,96,13530
20,39,56
79,206,3525
5,1,0
237,1769,2675
14,64,48
7,4,0
15,7,0
23,25,0
38,5,0
37,49,140
35,224,513
523,180,207
52,3,52
3,2,2
51,1,13
15,30,17
43,19,168
40,20,0
48,1,15
25,8,1
19,5,32
24,11,0
997,0,1
53,911,2074
12,14,4
4,1,0
10,24,28
47,4,273
10,46,0
4,0,1
11,85,181
13,6,0
19,16,0
127,2,51
28,4,21
27,15,2
36,3,0
1805,395,9263
47,0,144
5,3,0
3719,1450,21034
141,0,60
23,1,459
26,4,0
23,12,803
10,4,3
4,2,0
3,3,18
3627,16,8735
23,52,24
24,15,168
14,2,172
17,71,11
113,149,2622
154,4,2494
33,10,7
40,11,112
3,1,0
18,0,2
202,524,204
44,16,9
14,29,78
2520,15,4031
9,2,8
5,0,2
43,55,17
59,0,2
17,6,20
20,3,23
18,72,266
17,28,105
30,1,66
36,4,126
10,47,12
15,58,10
17,5,32
11,1,50
91,10,5
651,38,3814
91,132,119
6,0,5
26,3,15
9,0,4
3,10,0
28,50,271
26,8,12
43,26,71
31,123,105
177,12,1182
54,13,244
6,0,2
251,2150,2953
39,52,303
12,2,0
12,4,0
8,21,51
49,26,277
30,124,602
131,10,50
44,83,266
4,0,5
56,0,40
15,3,1
2654,6,3054
24,10,9
26,0,6
10,2,0
24,61,44
8,4,0
41,6,70
73,2,324
84,59,1252
7,6,0
32,26,274
5,4,0
40,17,0
228,63,3014
102,33,69
49,89,42
28,3,70
126,220,3898
15,3,2
24,51,149
40,636,314
56,37,362
6,0,1
22,0,1
141,70,1636
4,5,0
3,0,1
44,25,868
22,4,30
11,13,1
89,17,1
133,159,2212
3,3,0
77,46,1290
115,85,537
7,4,1
20,11,1
23,33,77
16,27,14
91,4,0
22,2,171
48,122,1346
5,10,0
14,3,40
46,4,83
16,2,2
211,255,3429
7,39,8
21,72,165
27,7,2
231,45,907
18,1,286
12,243,0
14,0,1
35,3,228
9,5,17
1457,193,1752
17,9,0
100,22,971
28,214,4
5,2,0
16,42,36
6,47,32
9,2,2
81,55,557
2407,17,7756
10,31,62
187,0,4
21,38,23
8,14,46
61,1,0
238,59,223
32,104,57
119,80,1003
23,7,122
49,63,821
246,2020,3031
3,13,2
53,66,484
59,2,1122
82,912,1516
20,3,0
25,10,0
8,6,12
57,6,16
88,12,2
18,29,6
7,2,0
235,766,3216
30,2,2
17,0,136
8,33,65
10,9,12
23,96,266
7,13,0
13,14,9
15,1,0
3,0,1
92,514,575
9,23,19
5,1,4
23,53,0
69,5,58
12,2,0
130,26,2
3907,21,6882
215,34,134
15,4,75
74,12,824
7,14,2
18,2,3
5,10,0
1724,287,3501
61,22,0
11,52,127
2151,13,8976
23,3,0
18,85,406
17,3,73
26,1,77
36,1,31
3,11,0
994,63,409
5,1,0
112,80,1505
67,12,670
27,4,20
45,38,579
9,6,16
39,3,453
5,15,0
51,3,299
14,8,0
49,6,111
155,204,1723
12,5,10
315,3,36
7,0,57
11,4,0
29,34,34
17,9,6
10,32,1
19,170,14
4,2,0
5,2,0
2026,111,1730
410,59,223
73,0,182
106,543,1755
6,15,0
95,4,375
28,5,0
7,6,1
10,5,0
20,8,35
18,43,35
10,30,76
86,23,2658
5,1,20
5,4,0
51,29,8
42,0,1
613,704,1900
6,5,0
25,19,96
13,8,93
40,23,17
23,2,0
24,21,4
15,4,0
13,34,1
32,33,157
18,4,20
22,30,55
21,0,1
10,61,0
173,792,5080
10,5,20
125,10,292
13,19,1
7,10,58
37,4,6
27,163,79
25,9,16
5,26,0
118,31,34
6,89,0
6,4,0
64,10,1
39,12,16
14,4,108
58,5,18
14,2,35
19,18,39
16,40,132
34,403,267
12,22,256
12,0,29
83,1,52
91,9,79
60,14,1171
5,13,0
42,50,197
37,141,1495
21,2,2
38,7,198
15,3,0
12,32,72
459,45,4767
4,2,2
309,105,6732
5,31,0
182,22,1
6,1,11
1050000,57,166
9,80,10
5,3,0
40,54,143
68,25,9
103,570,978
27,164,16
116,192,3884
4,0,1
4493,432,24239
17,86,198
16,4,0
12,4,13
67,0,366
4,0,1
12,21,0
61,110,867
46,69,697
58,194,31
171,8,3255
24,9,169
21,25,384
14,46,27
32,2,0
5,8,6
13,60,0
33,96,0
14,7,16
191,788,3274
84,39,1411
67,8,1210
76,76,1496
24,31,130
352,0,7
7,3,0
765,3,2595
21,18,25
19,147,49
8,5,55
8,32,33
17,9,0
239,832,1933
39,0,307
1054,40,17
5,1,0
43,13,56
4,1,0
126,45,425
16,0,25
83,9,206
3,2,0
17,3,2
49,0,33
6,4,0
19,19,24
55,0,88
10,133,123
101,227,3766
15,7,179
25,5,35
15,9,0
28,34,34
32,14,42
5,7,0
414,26,68
182,0,112
5,11,0
12,45,88
122,335,448
148,6,16
6,18,8
39,14,10
10,6,1
62,5,31
4,3,0
29,2,20
75,6,960
8,30,0
5,2,0
225,59,672
216,43,80
4,10,0
10,34,169
28,0,11
5,2,20
499,99,451
24,28,24
20,0,1
129,3,1563
6,6,10
5,17,24
28,4,0
13,14,0
13,15,0
24,5,2
45,38,396
47,30,10
7,0,10
1770,226,3747
9,3,0
10,36,21
295,212,3584
20,98,378
51,524,913
14,14,51
17,13,47
31,2,0
11,13,40
50,6,0
5,0,1
152,1253,1738
18,1,22
4,0,7
83,59,859
249,29,8
5,10,0
5,13,0
3,2,0
11,19,30
25,86,3
4,0,1
41,35,87
30,14,123
7,14,0
182,6,16
20,5,55
48,74,426
1371,1040,6065
47,5,69
23,1,12
308,1214,3612
72,14,128
112,217,4110
1419,110,7717
6,4,0
13,17,10
5,7,16
21,4,38
5,54,12
4,2,0
57,4,6
49,27,0
1617,130,156
15,22,0
26,42,311
4,0,1
52,0,2
323,2,0
3418,103,1253
30,53,222
50,6,6
18,94,2
23,14,4
20,64,57
49,0,26
90,44,43
60,36,0
53,22,78
176,49,1802
8,1,88
16,6,0
7,15,0
6250,616,10197
27,27,80
32,25,33
17,12,160
6,3,0
8,4,8
57,0,1
41,7,136
8,5,6
30,3,90
136,3,5
5,1,0
27,7,99
244,61,8441
34,5,131
28,17,183
16,6,6
7,0,3
19,0,1
175,0,1
15,22,0
4,0,1
3962,590,11397
13,39,0
41,4,3
16,4,3
108,51,1558
3,2,0
50,6,163
10,11,21
3234,62,9544
126,426,1304
1050000,2,36
597,126,710
114,3,14
12,0,10
6,4,6
11,42,0
24,198,107
7,0,2
7,24,0
63,1,50
27,2,1
28,35,114
34,5,234
6,38,17
17,0,166
22,52,117
269,216,3841
33,86,287
2,1,0
82,30,7
17,118,273
2173,617,3779
25,163,330
406,6,0
33,18,411
32,57,0
1050000,1,7
1542,427,2783
99,6,6
15,44,51
118,1,12
67,12,0
10,6,2
12,0,10
21,29,8
278,508,2736
7,2,22
89,3,46
44,4,478
64,20,29
6,16,5
4,0,1
37,1,0
9,70,11
47,90,954
6,5,9
25,5,0
9906,420,23375
26,205,129
20,76,33
8,61,25
10,12,0
8,9,231
42,15,57
7,4,8
6,14,0
408,1,0
8,46,16
7,8,0
316,14,477
7,8,10
72,760,991
52,24,418
23,7,64
10,9,0
44,44,45
5,116,73
44,23,263
86,274,1661
68,7,263
352,2923,6954
60,15,0
49,17,26
111,0,18
27,12,154
12,12,19
42,4,34
6,2,9
9,0,36
106,8,2
27,61,0
4,5,8
5,1,0
4,0,1
7,9,42
4,4,6
16,5,2
7,74,87
3,4,3
22,20,69
6,5,0
238,168,6044
15,30,210
8,10,7
7,7,4
30,70,74
4448,20,1638
5,6,0
27,52,108
1172,16,1811
24,10,38
10,11,10
163,38,1276
23,6,200
25,13,137
80,74,600
7,51,90
4,3,1
137,3,5
7,3,17
89,9,361
173,21,2604
38,89,42
35,7,63
154,1,1565
20,9,110
22,2,348
31,1,0
114,37,328
17,35,0
24,0,106
19,2,13
7,5,4
14,2,341
3783,54,4501
36,5,173
17,0,11
12,111,96
25,34,23
46,97,66
20,4,72
63,10,4
27,31,62
20,20,0
6,11,2
18,3,0
36,5,145
4,10,0
20,0,1
15,3,0
59,156,2196
195,215,947
19,1,25
177,11,2162
111,2,0
6,7,2
67,96,2461
30,27,396
18,0,6
41,3,25
129,214,4113
5,9,0
37,282,17
21,119,133
8,42,30
180,9,586
15,73,93
19,5,0
32,42,365
92,43,2
54,10,5
5,0,8
17,15,7
30,6,12
28,116,494
121,54,214
66,76,516
20,26,0
4,4,0
4,0,2
680,75,4988
11,1,13
41,6,24
34,11,822
42,0,7
14,16,6
35,6,70
31,33,440
18,25,0
34,13,0
21,24,132
74,3,0
100,172,1352
56,8,0
36,0,525
7,0,3
26,13,70
23,1,26
4,2,0
5,14,36
70,295,1118
150,25,1522
396,161,1154
30,52,6
18,0,7
43,92,406
20,133,4
24,0,4
23,4,12
34,16,117
2005,181,2837
10,4,14
7,3,2
4,8,0
21,25,0
1474,411,5248
35,2,1
206,17,20
35,68,1108
3,1,0
395,60,7719
5,48,0
271,832,1933
7,12,0
113,1,32
10,25,18
63,21,244
10,1,3
5,1,6
15,33,73
63,63,710
3032,41,9567
18,37,226
48,36,33
3,2,0
3,6,0
38,21,277
5,20,0
4,1,0
5,20,26
50,3,0
42,268,348
153,1,1373
66,102,311
14,2,6
105,290,3780
22,28,0
21,31,866
38,8,195
24,7,82
31,5,19
8,2,0
353,2067,2904
8,24,67
262,936,1721
5,61,0
45,75,479
4,3,0
8,23,0
9,3,22
13,7,65
11,13,24
12,2,0
55,33,412
8,37,57
24,4,10
254,215,3778
19,24,6
54,34,286
6,24,62
20,8,2
90,156,2196
106,138,6957
25,12,8
13,2,0
7,0,10
8,20,4
46,66,109
34,27,87
12,25,1
12,13,104
25,40,138
62,17,540
88,10,22
98,65,1412
106,1,15
428,0,8
29,6,0
43,42,243
227,1698,1845
177,14,623
137,5,178
46,4,30
60,25,712
5,0,10
92,0,1
23,14,12
62,7,123
31,13,121
13,0,19
32,11,313
6,6,11
1244,136,429
528,15,3873
12,7,3
23,30,7
103,2,986
7,2,8
5,0,2
35,36,603
14,58,128
14,0,200
35,11,217
8,68,3
12,1,38
304,1238,2194
16,4,6
45,8,0
6,8,0
24,14,0
14,26,88
12,44,8
13,49,30
8,20,7
24,12,7
4,9,1
32,32,661
8,4,10
17,4,112
42,4,0
622,192,3884
50,9,66
114,217,3943
51,0,488
14,11,0
38,110,644
12,4,2
405,13,0
31,30,129
6,4,3
87,78,777
10,18,0
59,2,32
113,73,2640
1175,62,1922
5142,28,6757
47,13,0
7,3,63
5,4,0
64,192,298
4,0,1
30,32,186
104,18,417
19,4,1
26,34,20
43,3,114
34,8,0
30,3,313
13,3,70
46,10,329
23,7,5
8,1,0
6,3,0
14,4,1
318,16,40
44,31,442
368,2153,2951
4,31,24
13,3,16
6,15,20
61,68,94
13,84,1
5,24,33
38,26,312
6,9,12
40,163,174
7,3,0
12,40,132
13,6,24
824,283,3095
55,2,9
5,1,16
3398,601,17563
22,12,84
12,0,78
165,110,17
18,16,0
27,190,86
113,116,895
6,5,0
14,17,84
10,7,13
8,4,8
44,5,170
5,4,0
108,326,213
3,4,0
12,3,0
9,55,63
18,112,380
36,0,51
5,1,0
8,21,7
15,134,145
8,85,18
5,10,0
14,4,2
8,0,5
19,2,38
19,5,11
7,19,9
36,1,26
17,1,0
201,407,657
20,4,0
26,0,26
57,0,2
9,48,0
11,5,43
5,4,0
115,67,668
39,0,2
438,6,1270
15,20,0
25,0,48
62,24,461
3,2,0
17,1,15
22,35,108
55,14,35
41,59,311
6,1,0
22,171,88
29,10,157
8,64,12
37,57,707
40,7,58
124,215,3778
6,4,21
143,42,559
479,190,11460
21,11,328
17,0,15
66,157,2195
5,8,0
17,119,0
4,11,0
16,25,0
3,8,0
8,2,0
24,2,0
11,0,1
5,6,0
23,7,64
11,5,129
59,26,296
3,1,0
10,95,85
29,0,117
12,4,2
6,22,8
5,9,0
64,2,130
39,3,12
55,384,288
21,10,14
5,0,4
32,82,605
1050000,1,7
5,9,0
45,26,541
50,9,176
12,39,79
9,6,0
377,97,9093
109,622,1050
52,51,947
31,8,90
26,1666,281
22,34,34
105,15,0
42,163,99
21,55,0
8,6,0
17,1,11
7,11,0
17,21,12
25,10,215
182,1,677
9,21,18
54,5,0
1027,35,2019
1050000,6,58
135,3,360
11,48,0
27,12,0
37,183,519
48,9,2
26,5,17
214,29,1348
65,30,421
23,7,0
34,6,38
5,2,5
10,18,4
100,9,1557
9,8,0
10,38,0
38,60,423
30,3,2
5,0,4
766,276,8642
22,10,171
7,5,113
16,16,38
43,29,193
55,30,16
6,3,9
2,0,1
79,207,462
18,3,56
11,2,19
3005,377,17546
16,37,10
15,4,5
65,7,30
34,324,196
8145,14,28564
94,58,407
8,11,82
36,7,209
13,8,122
14,7,0
4,0,3
4,2,0
7,9,0
141,273,3231
10,28,91
10,4,24
33,42,200
28,3,6
12,30,36
15,17,11
9,22,18
5,28,0
8,6,49
24,31,62
37,0,28
287,56,2579
14,1,8
30,0,1
490,8,249
13,0,12
5,3,7
4,27,0
201,96,73
13,3,57
52,4,12
8,6,1
46,136,172
40,0,11
9,4,24
6,0,17
20,15,59
20,213,325
3,4,0
40,30,489
4,3,0
5,3,3
7,40,39
4,2,0
14,50,164
6,1,0
17,14,2
125,99,795
73,6,45
91,50,2081
3350,277,12514
131,192,3884
44,0,1
45,36,521
28,9,382
54,129,27
42,26,312
36,7,21
12,2,0
37,3,345
12,14,36
34,177,192
20,27,0
30,0,1
30,2,66
24,8,222
72,70,126
48,65,72
23,5,73
66,206,462
3,1,0
30,9,99
69,20,183
11,9,0
215,1801,2629
30,0,112
59,1,0
29,8,8
33,9,54
30,2,48
27,14,2
28,56,438
15,7,6
20,34,3
8,11,5
31,6,6
4,2,0
85,0,132
4,8,0
19,2,25
11,232,42
14,9,76
65,447,1329
191,3,77
5,4,0
523,174,417
20,121,22
12,1,24
26,1,435
12,4,0
39,1,0
11,5,0
19,37,0
1050000,13,14
23,111,433
838,40,1015
15,9,97
78,18,2486
8,100,0
73,773,1013
4,2,6
10,2,0
6,3,4
4,0,2
7,4,0
7,10,15
18,2,0
215,1,10
279,160,767
28,27,209
54,2,404
67,8,1125
4,0,2
61,229,1
8,1,19
108,19,210
165,6,22
10,37,0
52,7,0
1050000,21,44
43,10,73
22,16,90
757,189,2599
17,2,2
65,37,690
5,16,0
18,10,0
5,4,0
15,16,0
6,0,4
86,12,1640
9,49,0
145,40,1726
105,10,487
39,238,468
103,48,2370
6,6,0
13,29,98
9,2,0
133,192,3884
31,10,452
52,80,342
14,1,40
175,8,0
25,7,155
283,5,1813
149,84,451
21,37,148
55,45,264
1386,34,462
44,4,0
34,18,166
20,7,7
17,172,71
45,29,8
25,11,124
7,7,0
87,9,365
9,80,21
12,44,44
51,17,1744
9,27,27
13,0,10
28,0,92
71,157,510
21,2,0
50,58,952
37,167,254
5,6,1
6,6,0
20,2,29
24,12,61
22,7,102
350,40,395
73,41,1658
17,0,5
7,27,32
224,43,4103
18,3,21
5,9,45
7,46,56
761,45,16
29,45,201
11,4,4
63,15,2246
391,87,1429
63,6,5
285,28,5625
84,3,8
24,14,59
9,12,1
8,3,81
48,1,0
4,1,0
25,2,3
15,4,0
248,26,45
16,2,34
6,2,0
1050000,37,207
214,135,4216
11,6,16
5,4,0
20,301,28
46,2,172
5,35,0
121,6,16
5,22,9
8,6,2
49,5,0
127,7,0
34,45,256
20,12,0
4617,15,21244
54,23,503
33,6,9
112,3,170
10,34,54
26,29,30
20,1,12
17,17,20
5,2,0
7,10,2
5,0,90
9,0,3
4,0,1
1147,35,106
45,13,48
948,200,1272
7,6,16
35,6,1
24,23,0
195,0,98
51,15,109
24,1,62
10,1,48
41,20,411
87,9,3491
5290,638,13759
25,8,0
1921,241,3997
1050000,0,1
8,39,36
10,4,14
28,1,0
6,7,0
9,11,65
3,0,1
4,0,20
110,209,3784
26,2,36
10,9,0
24,3,38
1094,88,354
27,2,2
17,3,0
1944,1117,297
15,1,0
96,53,150
12,63,36
131,42,490
391,284,30
9,5,10
124,4,1276
11,1,15
60,14,1428
4,2,0
36,38,579
16,10,151
71,19,1020
1051,173,6911
7,52,1
12,16,10
5,13,0
359,220,2769
316,1029,5029
6,0,24
3346,1043,1248
6,13,3
40,46,305
1050000,0,6
5,4,0
31,6,32
26,82,237
91,139,1539
7,6,0
54,4,22
99,16,883
60,18,1026
812,12,3127
7,12,0
20,3,25
7,40,52
12,34,191
15,11,0
4,7,0
163,65,636
17,41,24
5,0,2
6,0,1
701,863,339
20,6,0
75,176,1323
15,21,72
29,1,0
12,47,86
23,11,286
129,3,1563
1005,101,2515
15,10,5
204,213,3583
21,29,203
16,27,0
14,4,17
17,0,3
1488,213,916
222,38,3184
4210,4,482
4,2,10
22,27,2
14,1,286
45,107,79
4,2,0
9867,6731,3048
575,10,6058
17,0,130
89,25,1402
20,1,1
179,2,0
651,130,685
9,4,0
201,54,9275
13,4,6
11,10,92
94,141,1618
21,8,41
4,2,0
7,7,0
11,1,2
11,18,9
118,86,1827
85,75,492
19,0,1
4,11,27
15,2,11
5,3,0
15,42,65
6,18,13
28,10,210
6,0,2
214,63,40
17,43,12
44,0,1
9,11,0
6788,6,93
107,155,186
27,4,15
180,17,309
18,95,91
104,112,219
6,0,8
11,12,0
5,12,25
5,0,2
24,29,40
9,19,0
12,3,65
97,99,1552
47,2,0
31,240,179
21,4,0
77,22,2
4,0,1
15,44,65
127,219,771
29,6,82
38,5,219
9,2,4
4,1,0
840,157,3081
84,187,2557
4,35,0
10,14,17
267,832,1933
37,34,34
44,2,186
4,0,3
18,96,5
1050000,1,3
5,3,0
17,5,222
3,4,3
27,0,8
23,4,0
262,2098,2951
110,40,775
29,28,8
274,105,3547
27,40,411
42,22,319
24,11,58
5,27,14
31,26,21
51,3,193
63,537,210
18,27,135
27,57,359
9,4,0
6,3,0
76,180,2123
10,1,0
16,28,78
5,0,3
5,0,3
25,27,83
6,13,0
34,10,66
14,1,0
38,4,128
26,3,57
5,2,0
17,24,193
60,3,20
54,2,91
91,0,168
6,0,44
10,4,38
22,33,0
5,51,0
250,28,1746
5,4,0
24,2,67
18,2,9
20,36,100
8,0,2
86,1,50
49,76,917
4,1,3
101,0,1102
45,14,0
8,27,0
282,5,550
73,8,408
5,5,30
4,3,0
13,4,1
177,235,1048
36,29,396
98,33,1536
36,89,42
45,4,0
64,2,0
45,0,11
526,103,4149
31,55,194
21,6,0
32,22,389
38,2,0
867,196,24013
33,12,2
34,7,674
117,9,176
57,0,1
8,3,20
13,4,3
20,2,0
51,16,0
5,19,0
9,32,38
6,2,24
63,45,907
80,9,206
13,7,88
7,13,82
10,15,5
19,29,159
28,45,493
11,15,7
20,8,76
19,104,239
66,121,838
5,6,0
134,94,3097
17,24,0
28,14,111
30,4,0
10,55,25
25,225,79
11,4,10
8,0,14
527,377,2006
2499,616,1250
36,59,25
7,3,0
23,7,14
19,27,10
27,22,397
20,36,7
18,0,33
6,9,3
39,362,632
18,1,0
22,221,362
105,3,1716
7,12,31
11,1,54
25,42,255
3,16,0
3,7,16
6,5,35
50,32,25
150,7,284
21,1,19
5,3,4
3811,19,6390
58,129,224
13,64,119
207,15,1109
26,8,57
9,10,0
76,12,165
13,16,5
8,2,0
7,6,0
18,2,5
4,2,0
5,4,1
49,100,1303
25,5,93
20,8,90
257,162,2409
11,36,59
32,50,484
23,307,56
56,20,302
57,14,126
96,2924,1042
10,2,36
4,4,3
14,158,92
9,3,12
27,1,1
18,17,84
19,7,0
38,1,40
24,7,814
7,0,49
25,6,15
10,19,4
16,0,7
6,13,81
12,10,0
25,4,30
7,20,4
10,0,3
17,205,620
7,4,24
6,28,0
5,0,2
4,0,2
9,29,34
4,0,1
33,4,289
8,38,0
7,7,27
25,9,0
29,6,0
196,16,308
7,10,14
21,15,72
51,38,579
16,17,0
23,0,3
30,0,121
120,27,6
5,12,30
6,2,19
296,4531,12475
5,0,1
49,1,0
18,0,45
18,2,15
112,307,728
160,44,3222
13,1,0
15,37,20
210,1,0
56,164,1397
174,73,1222
33,26,292
45,59,62
16,188,135
46,66,0
7,0,8
20,11,0
3,0,2
534,30,234
25,0,1
63,54,784
4,12,0
23,0,3
39,4,312
20,8,12
4,0,1
31,16,0
59,0,42
6,4,0
5,0,1
26,280,238
10,231,161
206,5,0
28,124,111
152,7,346
36,55,328
46,0,10
26,0,2
25,0,8
5,20,15
27,50,0
6,10,3
7,10,0
16,41,82
90,45,1477
3168,55,1688
4,6,0
107,192,3884
24,12,26
66,18,657
5,2,0
33,6,32
32,2,0
12,3,15
75,255,0
2033,150,1593
3076,98,1200
21,4,0
23,1,0
69,167,607
16,3,19
5,1,0
4,18,0
45,260,395
260,4983,11639
26,9,319
129,2,780
36,6,530
5,3,4
56,26,684
20,5,8
21,3,0
115,15,1691
16,6,22
7,7,19
97,172,574
10,63,0
671,62,3943
5,9,79
4,0,5
21,0,51
30,0,1
14,302,6
359,800,1965
141,219,351
120,105,101
7,2,8
4,6,2
5222,246,15561
36,77,102
22,1,156
21,16,94
25,17,116
3,0,9
1198,2780,1241
77,0,81
6,8,0
5,15,30
62,36,593
7,6,0
19,1,0
1050000,3,0
33,16,16
40,40,287
660,34,34
11,1,170
31,8,0
54,77,454
18,3,36
10744,67,8502
4,13,0
49,22,3
19,107,26
10,174,0
22,24,7
7,12,21
58,8,0
7,5,16
16,41,54
7,14,0
9,27,0
27,36,47
40,18,0
14,0,37
5,0,3
6,2,4
45,87,925
19,61,182
11,2,4
14,40,132
4,0,1
62,6,127
7,1,0
21,3,242
20,2,9
21,10,38
4,0,2
897,41,550
5,6,0
3841,111,17058
67,16,183
6,0,6
11,10,5
6,0,4
144,0,1
3,0,40
244,59,223
163,222,562
10,9,0
545,50,77
83,52,2659
148,53,3167
53,36,33
109,132,123
82,24,2189
7,3,9
43,3,10
44,0,12
15,78,0
15,1,0
4,1,0
207,11,2678
84,37,2401
24,103,93
22,4,52
6,6,8
10,19,0
211,2,43
43,21,1388
11,5,2
28,0,3
15,40,23
9,0,1
22,65,20
401,4,3334
6,2,0
42,0,231
341,7,575
59,0,9
9,1,0
7,0,2
44,4,15
96,52,303
15,19,0
22,1,194
13,3,0
28,3,103
21,11,5
38,4,17
16,16,61
148,192,3884
174,146,2864
6,2,0
25,10,1
12,2,53
38,0,1
20,10,6
24,53,150
8,1,11
6,17,0
84,120,182
21,0,10
20,8,0
7,4,37
46,4,20
15,18,96
21,33,361
25,74,274
30,24,1374
61,65,831
4,2,4
9,4,0
31,215,592
5,8,8
31,15,12
13,64,91
179,161,2151
592,16,19
26,7,59
4,14,0
14,26,97
18,4,0
7,2,9
5,4,0
20,14,72
18,21,3
52,77,1043
6,1,20
3,1,0
108,395,296
5,4,5
25,41,0
9,15,0
4,0,1
10,69,142
391,7,1020
6015,119,4255
13,19,247
20,16,0
113,3,1563
51,8,946
27,5,92
262,35,416
4,4,3
28,21,30
237,11,133
53,35,403
21,3,5
23,8,2
6,20,0
6,61,0
19,34,34
11,2,0
9,10,34
5,4,1
8,56,6
32,22,48
93,89,141
45,59,55
343,1293,2576
9,7,16
3,2,0
4,0,1
20,6,2
6,3,0
59,40,1482
4023,485,7990
122,129,720
21,3,23
2185,62,364
3,2,0
119,265,35
6,1,26
5,14,0
8,16,45
28,3,0
45,3,3
57,5,233
39,54,0
21,22,149
20,19,107
640,58,1346
30,158,428
11,63,2
211,733,3384
8,0,2
6,1,0
4,2,0
7,1,9
24,106,163
795,38,6837
17,11,58
23,13,22
80,8,25
79,203,701
8386,597,2816
3973,930,4082
18,45,24
1840,595,80
102,144,143
920,1418,10380
63,77,429
122,1146,4051
21,66,717
256,473,2122
78,60,237
95,26,240
1433,250,5665
12,14,13
180,48,313
269,202,599
34,191,10
57,270,260
416,523,314
44,23,26
4213,9706,129232
488,224,2651
154,171,188
20,270,260
158,1,6
6,10,0
66,27,8
511,523,314
72,869,671
5954,478,4841
66,52,201
51,72,0
1362,185,228
6184,1528,14251
93,4,0
7,11,0
16,3,39
71,0,11
305,1,0
35,26,0
5,5,0
4,1,6
71,553,6
88,77,11
6011,488,10294
274,128,295
630,869,5704
51,3,27
1220,149,1579
10,5,0
145,3,16
342,19,14
533,27,691
4112,340,12889
743,493,8819
93,156,700
2041,4902,14486
9,35,22
525,122,929
83,411,1925
197,1318,5173
265,72,275
55,448,1189
7,3,11
12,23,69
19180,5352,28022
34,293,34
2886,3974,27411
281,27,519
500,5,32
174,258,330
9,0,15
17,4,31
15,36,191
53,41,0
13332,248,6178
2679,592,8148
41,400,780
6,3,1
24,10,0
5655,130,1226
8231,38,17389
44,606,266
359,328,717
130,34,376
6,8,14
19,4,0
806,301,730
1050,28,46
169,93,76
758,621,2282
91,111,119
378,664,7098
45,0,1
326,143,2136
24,7,84
256,123,928
25,1,6
14,44,380
120,310,323
13,55,63
66,9,44
68,258,44
35,40,60
118,548,2165
1704,2379,12326
6119,4646,37389
5369,468,24271
4898,1147,7714
5452,2192,22319
49,60,163
14,4,6
5796,211,12230
996,144,970
9,70,0
27,3,11
142,54,1900
2107,8387,1170
3,5,0
4,1,6
110,59,67
219,356,182
318,93,1969
722,71,317
594,165,14
244,90,239
86,275,81
783,371,2579
952,237,467
25,12,0
6,5,0
271,6,0
87,288,3
21,1,6
4027,497,5170
680,51,1038
1154,440,1439
292,556,792
49,17,0
19,168,0
420,88,815
31,0,13
16,8,46
28,143,532
69917,555,8018
2693,5061,11547
428,47,13
228,16,32
644,111,433
2693,409,3292
31,26,135
5172,578,13108
3320,2355,24652
28,244,623
2087,432,18132
6350,1067,21367
85,35,0
13496,198,1588
45,23,6
45,12,0
3053,684,513
64,95,0
24,114,13
1356,386,3812
45,10,41
228,561,742
5,12,0
61,14,0
3549,3300,8813
515,194,6
21,48,180
76,8,52
726,145,464
2688,753,1862
15,3,11
14,92,121
172,1,4
6096,402,16928
59,79,362
230,586,1402
131,7,106
1213,149,7857
64,1,0
64,49,143
19,56,22
6670,4916,7486
273,11,243
76,208,52
361,24,0
83,9,44
839,69,1339
14,72,47
634,1355,89
7,9,0
19,113,0
255,326,2
8,0,32
8,1,6
4,1,6
171,346,1702
185,99,6
65,0,27
225,57,48
1811,178,3986
36,97,213
102,0,2
589,895,4639
246,282,1088
5,3,12
208,71,110
128,20,37
5,1,0
1498,70,4578
884,280,4187
53,663,961
2102,524,1125
10,20,20
100,276,784
54,17,4
343,515,4593
21,22,16
118,3,11
21,0,40
73,67,9
12023,5088,10979
86,70,59
697,19,0
2959,2243,23978
470,632,182
7,1,6
7,20,20
17,1,0
3201,334,794
4722,204,1327
365,339,2162
247,111,12
8,3,11
9,20,20
28,1,0
2070,567,14534
1146,289,1662
166,179,854
21,3,11
7,45,0
263,282,1088
7,117,0
11,7,18
7056,1531,13375
30,1,0
89,130,26
3229,2496,21172
236,188,1038
305,3,0
3125,825,17401
2204,1559,9043
7056,1550,14932
2726,3326,2544
554,484,3962
84,18,16
4,1,6
4181,524,35809
20,1,0
15,1,0
34,448,82
265,52,2488
4,5,0
1342,6853,1265
92,147,184
361,124,1405
10,36,4
407,39,35
830,133,564
6360,488,10910
96,637,2281
9,5,15
2842,269,21436
1306,481,353
19,0,1
5,52,0
238,36,9
31,25,453
767,1181,520
205,541,1690
7017,2014,16436
214,88,2039
75,85,117
838,409,966
61,18,0
25,39,30
197,111,1263
57,166,11
13,11,0
59,76,2
226,3,0
162,68,409
1204,2321,2146
509,76,536
809,1181,6312
36,461,375
40,32,0
6,2,0
332,6,0
46,221,0
7778,5164,55540
79,3,11
89,43,90
204,100,369
47,24,10
32,70,2
2959,2087,3416
47,46,180
211,82,48
12,10,38
24,199,78
20094,1860,32030
11400,4035,14579
9,20,20
5,3,11
16,32,9
13648,4245,37788
22,35,182
284,75,253
33,16,13
7,1,0
857,94,2727
28,270,260
3037,2251,21369
4403,942,5360
13714,701,10390
95,164,2579
35,168,0
5,3,0
17,94,10
16,4,35
125,277,764
9,52,106
365,44,0
603,1108,11
345,106,43
6,8,6
498,116,3730
6,6,4
471,187,1088
181,355,4911
201,58,46
9857,3138,2308
20,22,1
42,83,51
355,147,9073
12427,1618,13545
122,232,1082
1376,316,1943
37,18,52
107,136,58
17,3,19
312,15,0
3,6,0
13,8,22
10,89,69
2008,396,3407
103,22,31
12,177,114
145,112,214
202,20,0
210,105,94
51,23,695
1099,941,8692
230,553,593
105,123,85
20,1,0
26,1,6
22,15,0
17,88,125
257,425,1057
6,32,51
451,103,203
20,164,129
17341,764,11892
2134,389,3869
124,109,202
1648,184,924
46,244,1508
93,21,697
142,4,32
423,119,86
44,213,465
8,26,21
10628,967,9170
467,1307,5926
22408,25,6658
3,1,6
6,24,6
410,516,105
2060,135,201
137,3,11
7,1,6
11295,80,816
28044,376,16704
12,1,0
3846,178,5233
324,118,623
9,20,20
11,18,0
57,20,633
3149,738,9577
95,37,77
11996,265,631
13,59,56
850,1010,30038
541,102,803
213,11,12
41,167,1555
1271,1792,4159
290,126,1290
17,3,11
136,16,26
51,228,400
9,8,4
199,408,161
1184,568,4887
97,18,323
93,408,1561
59,47,66
980,318,2
14,32,9
95,747,2451
661,10,143
3183,2420,21517
29,2,3
662,422,10112
33,7,0
793,273,1589
40,3,11
8261,141,7567
46,274,198
14058,1706,20135
331,591,701
630,27,99
50,137,74
777,574,2761
7,12,0
3268,208,12938
14,37,13
48,21,0
32,29,26
518,1245,1152
318,143,889
17957,433,13411
134,11,9
39,312,0
3785,316,6744
57,16,96
121,87,94
9,3,0
8,17,4
138,455,262
138,61,116
8,6,0
119,94,253
3428,64,3447
278,277,1069
20444,43422,29656
279,56,0
4,1,6
411,110,504
6,1,0
505,676,572
186,13,3
730,525,312
7671,2044,18558
23,133,240
620,56,1033
251,596,1960
109,269,2281
8,36,0
9,51,36
23,66,5
37,1,193
17,1,0
5,1,6
4612,714,1840
28,1,6
25800,652,7707
2349,850,8467
188,1,15
35,119,24
113,529,307
261,26,0
10,10,0
6533,511,3465
33,114,87
195,19,14
7712,1547,14935
96,622,2281
65,49,8
784,51,1193
303,129,0
1111,1324,12
25,10,182
1440,256,2542
1531,184,1976
643,345,5530
213,116,44
1656,118,1581
127,1340,431
264,3,0
40,3,11
1011,2471,4236
189,49,16
9127,992,3700
53,47,0
218,1121,3230
95,146,541
440,71,204
172,90,4257
60,50,0
20,3,11
156,1728,1598
125,60,54
9620,3294,1955
629,438,2617
81,57,48
18,139,231
673,240,361
6,13,1
16,58,75
2985,550,1439
9,10,3
95,4,0
14,3,11
161,48,6
165,8,11
12,2,0
12,25,17
76,14,4
1795,1248,1299
15,6,10
21,1,0
9,74,0
5,1,6
18,4,0
72,7,0
7,54,20
283,97,1099
330,81,43
27,4,0
1882,544,4638
19,347,806
208,40,424
36,24,0
4,1,6
8,3,11
1050000,0,25
34,1,6
6,32,51
92,1,6
2155,3637,9444
72,16,96
337,23,65
33,142,456
9647,91,6552
4427,3310,20508
272,301,808
108,113,395
7,19,0
96,118,725
64,114,162
27,3,24
466,100,893
4,1,6
100,28,26
244,46,86
993,141,286
4513,664,0
93,1,0
112,73,53
19,0,13
83,688,4266
43,529,210
15,10,58
861,199,425
5,12,0
1568,551,6329
1985,1163,10200
3643,209,574
213,183,3048
4819,17438,69329
4877,1070,7517
87,14,142
357,6,20
380,1020,1042
280,19,14
16,14,75
118,17,14
196,628,2290
105,41,247
239,21,2
92,66,503
15663,1929,31961
8,3,21
284,25,291
16,114,177
291,282,1088
42,152,47
10294,392,4496
137,24,434
6,4,9
840,119,1648
1097,1010,1007
135,4,2
1486,120,2554
28,1,6
76,450,837
35,134,236
1117,1528,5704
4,1,6
4939,230,7668
12040,200,1648
57,107,1667
1050000,35,156
397,13,70
13352,403,14051
9,6,14
3351,2311,21619
6,39,8
33,3,11
46,1,0
4234,1074,24206
412,6,0
154,430,1826
12,23,69
841,91,1653
3864,37,4585
201,0,15
321,607,230
160,619,218
54,40,83
78,99,6
415,68,663
1267,1782,6298
1189,659,782
78,3,144
476,15,0
116,168,691
426,821,1752
228,54,456
10,26,8
443,81,123
28,10,143
44,69,322
1156,238,649
11,15,0
146,557,0
137,102,753
3,1,6
32,3,11
32,137,38
1597,128,809
8,19,2
63,251,934
29,1,151
562,2161,2293
259,314,849
4835,2537,21976
28,64,934
33,0,16
16,58,17
10,102,0
24,34,123
87,73,486
2852,748,9083
38,103,446
5,7,0
25,35,33
6,0,8
34,8,0
45,396,244
790,2744,2317
6661,11916,17170
362,136,252
2873,1805,11088
92,28,1400
167,116,50
185,9,0
15114,238,8883
1457,2522,1465
73,57,89
101,3,11
716,13,91
99,276,676
58,96,2
5204,2454,55489
71,136,757
16,25,96
53,53,30
309,607,230
9,3,0
162,223,244
111,144,208
101,934,49
89,180,939
204,13,11
5686,304,5142
21501,409,10077
721,94,108
2113,4891,3834
7577,192,4564
29,1,61
16,51,36
886,740,1610
803,115,3538
380,40,608
754,34,1589
115,52,106
6765,1442,29572
30,18,22
135,55,2
1002,880,10937
16,71,215
42,71,68
420,55,94
3065,385,3686
5529,2387,47147
655,1820,1259
630,275,349
140,1,6
129,133,159
5,10,8
1403,10424,8192
198,2806,3541
175,51,459
358,21,1
6160,634,0
46,1,4
270,34,846
14,66,0
4384,809,682
39,148,35
37,4,36
2015,479,8714
81,749,2119
31,146,288
7,8,1
187,220,403
72,547,2166
183,1101,499
5,3,11
7,27,20
867,988,2013
913,1491,8616
136,89,300
129,3,11
48,162,159
44,53,306
2012,145,4439
1181,749,4144
757,28,0
10,9,9
193,166,4357
87,1041,2267
2509,2006,3853
216,605,232
71,21,3
474,39,108
2302,1661,8941
1138,66,665
13,1,0
25636,2330,8657
10,38,0
14,373,10
498,169,438
9809,471,14856
24,48,0
70,361,32
359,33,119
1193,1010,1007
1373,168,1874
52,53,1436
70,2,69
82,6,188
36,82,428
757,396,1716
31,3,11
71,243,218
479,433,1549
507,293,647
101,240,77
17952,736,14931
136,111,377
21,45,75
165,595,436
24541,2300,8219
14,1,27
239,30,320
538,6,0
990,608,229
103,7,117
9,393,19
2311,382,2890
3543,1719,19723
276,4,50
76,720,1667
49,396,244
9,28,84
309,18,956
1613,175,6916
188,123,928
84,1069,32
84,188,515
36,3,11
19,28,0
39669,164,11307
39,124,18
86,2,0
791,1674,3256
40,86,112
12,1,2
515,997,1841
34,331,28
5,4,0
84,63,580
8,2,9
20,19,1
60,21,0
730,354,4191
496,148,353
9,48,0
69,23,0
70,102,554
8,19,24
96,0,5
1038,1036,8381
48,2615,1807
38,147,241
58,768,43
76,239,253
318,621,2282
29,116,836
134,1510,2790
21,77,37
80,23,0
151,282,1088
24,81,0
4240,116,2149
35,34,71
5285,12994,13552
23,53,98
939,475,2719
19,44,25
1659,505,4971
460,18,318
107,130,9
52,252,148
4329,1832,15837
4,2,1
292,25,89
185,29,1
19,3,11
808,268,410
8,69,207
15647,10760,21893
3892,1010,4885
2411,144,967
108,48,290
37,3,3
257,147,1267
99,168,377
223,148,1350
16,1,6
246,10,42
5787,39,3811
23,22,197
107,84,539
5174,449,17312
539,151,25
5,12,6
258,521,316
11,14,13
106,515,1119
447,185,497
8,45,0
172,141,202
328,25,16
1831,285,963
313,704,1601
944,92,1663
4708,5644,7740
605,78,152
118,4,31
914,204,0
311,230,826
7,1,0
4363,707,11811
6094,3147,26279
377,78,3158
7231,606,32711
736,2149,2305
25,153,33
147,135,385
6,1,6
12,56,34
234,123,114
522,218,1951
31,28,0
4247,2426,25349
5,23,0
154,959,1738
66,14,13
36,432,442
921,22,280
242,23,0
270,3,1
3532,2922,40867
3613,2236,3103
59,6,0
7275,845,58629
151,197,129
5491,1323,10027
1050000,9,171
6768,11179,26223
4869,806,7555
292,19,14
7264,944,7831
762,115,181
41,17,12
12,9,10
7641,768,50463
3930,329,526
143,112,243
29,137,38
42,2,36
19,47,52
1475,281,2137
2879,578,9096
3805,1385,29790
68,4,94
101,209,150
1220,1593,1207
5,4,14
1999,83,2276
105,1820,3579
1244,274,3961
75,30,958
2592,575,6867
148,9,132
102,89,0
44,13,9
6,1,6
7974,414,4888
363,95,1307
3,1,6
30,136,38
103,40,912
226,45,3163
138,29,43
85,98,654
11,3,11
2095,1661,8941
90,15,0
85,553,179
46,295,19
33,469,38
354,15,0
31,2,9
26,24,518
56,245,329
6,2,6
1344,513,324
123,1851,705
236,134,311
16,57,0
44,6,0
810,1056,6672
92,0,420
4,1,6
671,281,809
7,4,0
43,13,237
9,1,6
1753,1245,305
14,3,11
30047,1927,43486
69,249,664
2125,446,8837
774,1147,6279
27,196,476
93,1,6
349,238,166
72,105,74
390,32,0
35,14,0
329,200,856
166,128,619
3703,799,28262
2361,161,7392
36,371,19
6,3,11
115,196,351
12588,2542,19299
216,122,929
1779,1435,8592
1859,169,82
4355,591,4400
210,2986,255
66,96,420
89,761,1660
2479,1661,8941
118,91,105
5516,1949,17823
457,34,1284
3158,1209,5811
9,393,19
726,4400,7677
39,149,178
283,438,300
26,65,264
857,5698,2040
63,7,51
501,39,335
35,21,0
9,20,20
60,17,697
3496,1322,593
75,107,181
194,113,996
84,47,686
75,12,21
31,10,4
522,105,130
96,257,456
3493,6593,16105
669,114,162
14,88,125
6,10,0
168,8,0
154,17,11
7,45,0
332,114,102
184,19,14
4867,254,2740
22,426,178
1969,198,7932
78,26,2
14,32,9
343,3,87
898,529,2693
30302,506,43910
53,1559,428
60,1568,0
7,34,3
68,130,788
7,1,0
2444,2991,17069
33,127,525
3,1,0
1617,420,1336
19,68,116
9,23,34
227,53,571
19,29,27
2498,1661,8941
420,143,0
74,56,370
5372,1786,18659
13,4,0
95,425,1058
547,227,621
126,21,12
1498,358,3097
640,77,1735
5150,522,3676
113,152,71
2768,319,7927
74,147,241
1804,1678,5936
24,14,48
10,56,9
60,78,2
837,492,2015
222,8,32
19,1,0
10,13,11
2299,139,11759
612,160,3221
54,153,44
256,523,314
121,334,2166
100,557,948
9,1,6
1855,285,963
31,116,895
4019,2931,18076
23,41,15
8,26,38
25,41,52
17,14,0
182,120,931
409,236,1585
158,559,946
5630,1594,5632
113,1317,76
1315,794,460
27,123,531
352,542,4795
4,1,6
1601,1019,3777
7,6,2
6,1,0
113,3,11
46,589,22
501,354,411
11101,551,10662
23,249,284
324,19,14
81,203,485
35,13,252
459,278,1841
23318,4691,12747
96,35,231
3,52,0
255,208,910
2109,590,13164
255,128,8
528,192,0
17,27,22
2297,205,170
77,127,946
7,22,0
242,20,0
1435,56,1033
8,1,6
205,265,446
8,7,0
256,67,0
24,103,10
107,90,399
11,9,65
18,8,50
49,189,403
53,29,20
803,1148,1052
5,1,6
71,17,96
150,150,101
9,163,0
627,24,956
41,85,144
277,242,1858
681,1207,547
2269,1083,8944
110,391,618
25,40,14
44,13,18
7,103,0
572,20,514
7793,1181,7226
368,198,1811
667,302,8
2651,1251,8431
16,34,2
145,17,35
51,362,1731
5038,844,2685
256,2670,220
1847,188,118
390,658,48
52,128,396
150,32,352
267,177,0
3837,403,8659
176,22,86
4,1,6
1040,102,2839
209,2,0
16,236,14
152,162,73
16060,2291,19443
162,265,4717
75,6,5
97,25,33
254,103,302
422,74,437
158,22,119
1694,1611,7147
279,30,70
63,17,69
33,37,254
828,1237,7482
32,57,480
57,286,17
413,3,146
7,3,11
9967,1466,4839
34,318,68
134,90,4467
42,9,0
1338,137,782
730,920,5094
1729,189,460
28,113,6
154,90,378
3,1,0
534,444,2403
2792,1967,10780
13,49,15
511,607,230
60,201,762
29,32,8
10,114,13
6,38,0
2917,240,7658
21,34,123
315,18,0
1271,497,2655
194,262,138
17,2,0
194,39,6
76,4,0
12,10,0
56,31,241
144,1,0
81,181,1584
228,285,1196
2775,8442,7197
57,58,32
20,7,24
774,207,1762
68,224,1291
590,39,2517
206,191,534
4115,843,6914
129,40,804
24,7,22
13,73,57
22,31,12
45,56,9
189,143,855
8437,3323,75
723,590,4722
369,113,551
254,525,312
325,112,1032
30,58,940
105,39,55
5,1,6
9,20,20
32,38,19
17,0,204
6,5,0
15,80,99
121,21,88
4,1,6
162,136,3411
9,3,2
385,266,263
7,3,11
654,347,2461
379,10,2
31,238,95
532,387,1548
1406,264,3560
43,187,0
53,208,28
133,49,534
2356,79,411
114,58,54
130,370,2257
4917,1660,3123
652,57,103
30,335,0
331,21,91
31,15,0
2496,40,4297
87,6,291
23,9,42
115,677,1740
147,113,3333
625,368,922
13,40,6
376,139,186
824,239,5897
271,143,855
5909,4150,1096
19,4,31
1511,50,107
512,315,1053
439,230,12
8,40,22
1381,75,2282
797,192,600
43,118,85
9,1,6
1166,764,0
21,163,0
438,302,991
1028,1354,6604
56,19,137
147,100,206
479,86,4495
271,372,10060
7,9,0
772,24,434
807,1228,459
24,90,58
22,56,89
85,123,66
334,408,4259
2379,386,2308
1881,1871,158
6562,2266,57137
48,281,65
245,300,169
39,26,30
11,1,0
234,516,321
16,6,11
7788,1535,4770
4982,844,2924
250,295,19
9,1,0
5269,1612,4693
19,11,8
4255,2682,38071
468,113,24
3,6,0
2477,1059,15511
6,10,0
298,8,0
785,120,931
591,72,2481
3958,185,10056
34,18,58
63,228,35
40,17,52
14,1,6
152,440,6261
24,1,0
9,22,19
228,130,192
471,160,50
13,0,1
97,8,10
14,26,4
39,147,241
270,128,268
118,409,1216
12,22,0
41,4,0
36,59,939
31,30,18
387,61,1773
137,297,618
42,15,1
122,357,639
72,62,16
18681,477,34014
1524,666,1677
308,18,1015
14,47,71
72,130,108
1050000,46,51
26,1,6
154,472,895
595,254,354
47,18,0
11,66,17
13908,904,16493
67,16,16
13,9,0
11,120,7
297,45,62
92,68,344
217,83,47
23,0,8
41,22,19
73,3,11
2749,227,1035
24,12,8
4113,10841,11154
3414,55,72
53,6,268
100,105,111
254,10,14
19300,515,33250
6,1,6
11150,414,4216
177,36,308
3952,111,14771
3344,4201,22889
5118,114,3084
6537,3131,18008
323,143,855
10,33,146
2001,160,4013
35,92,121
34,41,186
112,39,218
2731,385,9284
3,1,6
272,39,386
431,130,2353
5690,1461,9895
8362,628,23819
3695,2887,43999
14,156,26
720,52,14
95,54,554
93,108,508
1464,149,3178
128,62,391
22,20,0
1645,194,5207
500,1,6
97,6,68
149,300,1494
637,105,2507
5,5,0
102,96,977
75,33,32
133,0,13
1407,608,229
211,0,6
10,295,19
63,31,687
265,1,0
938,213,1171
269,87,1421
10346,871,6622
4073,1064,5905
184,282,1088
16,32,9
354,8,3
10,35,22
40,4,0
97,22,134
15025,197,6437
4545,692,19067
2272,1557,9045
646,79,945
10,23,69
361,189,934
136,247,1923
367,73,530
24,10,0
528,59,126
2646,625,16592
2170,626,4334
528,203,5206
17,70,107
4178,534,15907
141,285,1088
89,4,11
128,254,730
6368,1239,64192
7926,83,709
9,20,20
1184,154,1466
11,1,6
33,60,383
15,81,96
23252,6004,24521
2209,1265,5643
870,696,5526
6614,767,8578
14,7,30
682,730,5914
608,50,1039
225,98,1628
5,4,0
1445,104,956
136,21,0
75,1961,19
346,664,3017
1214,3750,4317
31,188,470
55,4,57
63,356,905
4270,111,10802
547,10,4
37,12,15
4,1,6
97,364,0
48,3,11
2087,127,8962
22,17,0
12258,393,9362
3014,3009,7345
196,143,855
38,9,50
82,22,112
66,19,14
901,46,77
1263,153,1576
94,19,56
170,4,96
81,874,4257
6507,1122,1008
2814,1056,1982
11701,634,0
375,624,1677
44,66,0
90,13,22
95,1,6
64,3,11
5088,481,14671
3090,2075,21855
12,3,11
238,155,499
491,269,577
2747,2165,755
8072,216,13547
37,15,167
55,548,1776
128,7,75
422,547,2166
476,236,5042
2155,606,15594
1528,92,147
5531,4954,85247
26,92,260
1750,285,963
1104,523,314
712,19,14
14,24,30
2919,1930,964
1742,285,963
14,4,11
18,27,206
730,251,4869
135,684,780
93,1,20
108,6,0
10,4,8
22,28,28
712,608,229
6,3,11
33,47,71
3314,2566,4283
3424,438,11540
8,4,0
266,599,454
92,20,0
150,4,2
16,45,16
532,27,0
118,46,112
313,132,169
6131,3589,5938
16,42,0
1592,458,2647
488,1044,884
51,97,74
15,92,121
20,1,6
31,57,203
103,19,0
46,14,0
16797,954,4595
261,418,789
40,114,253
152,39,0
4017,5075,24821
44,25,56
80,597,1959
2922,550,5618
6,1,6
753,5,1009
114,227,156
288,31,0
270,36,964
6,12,0
12,47,22
3250,1694,19889
65,37,10
68,6,46
21,201,102
176,1369,61
19,43,25
9,25,16
188,29,85
2922,578,23091
179,1149,1668
7914,2758,3346
163,530,3215
13857,1015,9768
15,51,36
1844,290,999
8,1,6
685,75,509
339,607,230
18234,432,1493
7,6,25
2750,162,4869
211,152,545
1107,1044,3903
7,52,58
62,157,1298
26,124,12
39,66,44
1409,102,583
14,9,0
83,200,288
185,589,161
73,20,0
5151,48,5437
779,3018,69
64,2,57
4749,1247,4623
192,48,291
236,4,6
88,8,5
4595,227,4772
402,588,3530
21,1,0
219,95,105
3761,1561,10127
5,1,0
8654,6336,54321
3708,1567,5285
460,3,11
1326,686,2017
15,17,50
946,155,321
279,125,427
5,3,0
289,16,14
4,12,0
72,7,128
5747,165,4215
253,143,855
268,244,21
3935,597,45877
36,79,28
4308,194,8017
382,2677,2774
220,1,6
6,1,0
6,0,24
68,9,0
258,7,1152
489,2,0
233,318,190
9553,8460,25504
682,313,1741
19809,1097,24062
104,185,56
5,1,0
9,7,25
83,29,0
44,110,299
53,265,92
5790,292,8642
93,4,0
34,92,121
3295,2093,3410
142,26,106
223,25,693
41,107,0
2795,444,9540
30,81,917
1050000,11,1
24900,366,12005
10,65,0
3675,1342,10389
20,70,40
273,166,3978
61,23,396
27,1,0
587,168,189
111,52,337
477,145,339
289,517,1356
1214,120,1914
205,282,1088
6,6,0
93,14,91
33,3,0
13,1,0
3911,854,4915
74,8,15
6052,1393,6706
111,3,10
1139,1449,5535
74,244,517
2014,1788,6793
38,8,0
26,3,11
25,58,9
1755,109,2969
133,115,718
405,164,857
168,106,300
103,4,122
31,58,0
18,1,6
912,105,3548
3264,892,28505
245,3,0
4201,2178,14080
562,22,19
290,104,406
1949,1559,9043
7,28,1
219,220,144
48,80,0
2126,6405,505
735,752,8406
86,467,2528
2203,1564,9038
373,525,312
7,7,0
184,270,2989
56,177,510
512,550,2132
6,6,0
88,73,486
10,20,20
5,31,6
338,260,2393
48,127,25
184,32,4
26,2,0
417,204,1465
56,165,1921
324,495,2243
3,8,0
11055,233,11744
123,24,799
7143,299,2584
73,295,19
515,572,348
61,151,353
111,8,99
562,67,664
780,39,335
98,1,0
30,40,22
1215,575,3352
36,8,46
10,0,44
85,13,6
6,2,0
102,1,0
66,92,1307
15077,3631,3078
353,317,2426
260,114,0
648,812,0
103,239,143
88,385,2169
103,573,846
3300,619,4631
19995,1821,34214
400,478,2282
825,153,883
184,11,518
310,525,312
145,569,3
274,201,943
2261,1632,244
1991,1163,8899
9,12,0
16,8,46
34,102,0
22,118,118
16715,385,18296
15738,4086,18317
16,1,0
2240,1027,7796
158,23,0
154,10,12
1050000,23,4
301,212,1957
5657,878,22742
154,110,0
267,16,8
100,76,1
417,32,2200
17,92,121
6428,572,16399
15,10,173
189,26,205
140,254,630
4754,1161,25778
107,9,75
204,237,1321
96,510,752
55,361,900
28,251,149
2501,2057,6062
101,250,1046
136,523,314
312,524,3919
16,29,7
648,505,9634
411,182,112
3436,137,2491
21259,1926,31874
70,323,1494
24,20,3
467,227,281
149,32,4
9,35,22
468,150,231
6976,143,1034
196,638,2280
250,148,1601
8,3,0
366,171,679
919,706,6155
19,4,6
86,82,7
106,240,533
38,122,242
25,157,149
8380,1012,2504
393,3,11
11,10,2
266,42,1612
19,7,70
274,461,1042
28,0,115
63,5,2
10996,2374,36283
535,406,9560
556,448,2304
20,67,42
5,7,0
1072,117,1511
77,28,0
80,11,130
4961,2534,23088
8,3,11
173,649,40
164,78,109
602,89,1126
29,10,4
91,152,349
8,4,0
23,146,30
75,1,0
22,0,13
83,15,52
399,25,117
13,29,0
3699,10951,10437
155,36,76
45,175,560
2,1,0
81,3,11
1050000,78,19
1914,1362,971
10,3,79
69,156,44
10276,3037,12318
1570,525,4425
407,15,58
8,7,0
260,145,339
5,3,11
3004,451,0
100,240,857
42,0,97
84,192,0
787,1184,3142
8,12,0
31,1,0
1506,72,1187
762,144,67
467,30,631
5162,14469,38613
57,112,161
57,15,438
42,3,8
64,18,3
1940,1664,8938
119,456,1607
79,39,16
2416,568,7812
3018,291,10312
65,155,65
24,65,32
54,396,244
5799,1230,30463
12,2,0
122,1,0
168,2078,2085
51,10,0
278,292,1877
49,304,91
6442,480,8157
2280,558,14982
83,14,4
3872,75,3194
95,71,526
4531,266,5089
230,647,0
9,20,20
458,27,134
83,478,1419
217,433,1627
71,357,836
6669,2398,8869
382,1279,1445
44,523,296
145,691,427
54,485,274
4,1,8
18,56,110
34,349,10
38,4,37
117,73,486
30,64,405
45,117,30
13,252,17
19,11,40
218,1218,1937
128,602,2911
2068,380,11567
117,3,11
360,572,1155
26,66,374
1453,174,9086
6,27,12
186,75,87
4,1,6
25,40,22
595,187,325
32,20,70
34,5,21
2119,2410,8868
30,27,40
43,32,122
14260,359,2845
462,768,43
138,8,0
28,174,93
92,43,66
4,1,0
1199,314,375
25295,1546,24704
394,187,294
127,22,396
98,117,181
225,0,13
6665,129,7297
47,339,737
10712,739,10352
1090,594,581
43,216,310
5,1,6
3686,95,2448
7149,480,8157
17,0,24
2182,1556,9046
1265,241,4399
770,19,14
106,0,143
186,59,684
9908,795,5356
13,24,30
18,3,11
694,61,0
12,2,0
21,20,4
12672,3179,35674
264,40,22
33,181,62
51,8,27
582,48,40
31,4,31
3,3,0
16,20,19
82,1,6
2149,1559,9043
1202,330,192
3,2,0
1062,513,324
1412,761,784
229,1,0
11408,480,8157
79,182,312
2217,1687,1236
134,723,1305
28,29,1
258,103,170
271,116,234
127,51,0
606,619,6877
221,104,552
18375,80,3015
22,113,6
15088,740,55689
1437,256,3144
721,2,988
16036,4578,22826
24,23,69
4182,742,22189
230,185,1420
1085,1276,3330
6,17,4
17288,491,103263
809,63,324
56,22,12
7,83,0
31,111,51
6,1,6
217,120,931
2770,647,17407
1051,89,2780
1660,367,6584
57,64,279
3569,1197,8506
27,467,63
89,8,0
2212,2258,18212
380,226,6962
6915,1152,2938
11,6,0
5095,4052,3622
10,4,0
10,8,28
19,3,11
88,180,43
30615,1478,15525
5684,439,4464
150,313,1067
54,727,353
3712,5994,8240
8,1,0
25,45,0
895,523,314
24,37,118
25,29,357
1730,701,749
93,325,368
499,70,64
14,244,105
63,277,24
1452,506,1312
47,14,0
32,169,1584
45,57,1612
1050000,12,0
505,21,2
4235,238,6994
6,18,0
3368,284,5198
2,3,0
31,162,289
162,21,697
3781,674,15795
12,56,4
3675,1283,21321
19,97,83
14058,918,20818
3353,651,13042
344,113,115
3664,119,10062
394,1,0
625,128,33
7,3,11
78,30,213
78,18,4
196,19,14
89,360,1133
121,37,865
111,331,942
8,35,22
11,3,11
116,385,2146
35,65,180
381,740,2249
161,83,836
461,3918,1467
68,25,194
11680,4658,12780
61,469,1241
8,5,11
581,164,291
23,19,0
273,701,1847
614,69,591
40,91,901
6,3,11
363,1809,162
22,79,135
57,50,0
251,31,7798
22932,621,3051
1050000,33,3
91,35,46
23,94,286
461,55,0
2648,521,11218
93,5,1074
82,511,485
5095,1557,15451
625,63,216
6989,1023,4934
60,154,16
35,134,162
2662,1836,21590
120,78,2366
89,28,205
85,63,640
7,7,0
1005,312,12592
818,122,327
2439,1299,1263
341,3,0
72,48,406
825,143,855
1739,504,3521
17063,5052,17352
595,527,1313
39,377,359
12,4,0
6153,379,1093
3,0,1
33,354,5
255,235,618
176,139,2652
970,234,308
8407,52,4658
123,606,2677
2,1,0
13,1,6
21,10,50
8936,579,20987
184,64,591
63,26,0
690,2696,2409
71,189,356
152,3,11
413,23,154
144,288,408
17,28,24
8,7,0
648,285,1088
303,259,4195
258,75,0
441,89,0
84,86,261
33,0,67
19,40,179
1028,752,2448
1112,119,1808
69,6,2
481,525,312
180,500,3423
200,50,0
530,121,2595
38,34,10
286,214,94
26,5,0
2453,1214,24296
22,155,2
125,215,128
1224,194,330
63,205,196
2339,90,2374
104,109,355
77,136,949
2167,60,4638
48,4,0
43,7,0
19,39,36
162,73,486
28,85,483
72,1,0
51,21,697
73,203,288
2468,339,4358
26,39,85
1068,198,2154
624,3,11
14,8,46
724,147,241
2599,789,22097
1237,510,200
9,1,0
15144,767,8578
4404,2739,32125
1566,1407,15567
4002,103,3540
36,2,0
1680,414,3030
31,62,189
393,2485,894
12,1,0
14,27,4
102,129,1260
12,10,2
214,193,1591
24,85,454
93,71,317
20,29,0
155,123,928
7,39,8
1182,79,4388
143,124,927
294,15,73
370,8,0
553,55,1034
2001,198,4949
7781,1063,6973
162,18,16
242,7,40
34,17,31
423,18,12
3095,262,2232
368,70,611
3,1,6
3229,1877,7804
92,16,0
6381,602,1114
12,3,0
10041,199,1587
580,184,2159
14,290,464
7978,730,24268
40,29,180
4,1,5
1505,655,3067
8,50,2
7,1,6
3981,664,4711
72,39,78
142,406,608
104,34,116
1338,2553,1648
58,36,80
571,655,938
2995,2639,4292
150,188,1038
113,1,34
159,1101,326
4152,2523,12715
237,1536,16
2712,143,5474
6934,480,8157
1474,320,620
18059,489,3947
523,843,914
580,138,42
14,4,6
248,7,18
337,235,343
6,12,0
171,226,706
4445,186,3088
37,302,104
2800,66,2558
163,108,17
728,224,204
169,226,650
13,59,56
6,8,4
15,93,121
68,356,905
214,106,538
591,4,0
1497,1281,5314
8,45,0
2806,799,52117
8233,198,1588
8,28,0
16,17,0
44,1,1
2409,514,2843
90,0,2
3399,3387,6168
31,353,198
848,2,142
779,456,1874
12,6,0
339,253,2930
5,2,12
441,328,2296
65,102,0
459,69,250
2036,110,210
58,9,100
637,78,152
113,207,0
49,281,241
304,30,18
1888,769,4405
27,61,68
300,523,314
2194,1432,12303
45,1118,79
20,3,11
1632,65,1869
251,13,0
853,518,5739
5,0,11
37,102,0
1080,525,312
199,597,240
2000,1557,9045
8440,971,370
127,53,253
830,122,3969
248,3,0
6935,1094,25943
34,1,0
59,19,0
9652,11721,22255
7140,1826,14241
43,15,4
159,12,230
1063,1481,4667
178,73,486
245,98,29
94,105,383
91,219,246
29,250,750
26,73,156
1811,283,853
89,21,382
43,110,561
1218,180,1072
237,4,4
518,547,2166
13,7,27
313,2618,16
776,29,58
285,36,296
117,254,8
2062,456,3924
17,38,0
233,64,4
1799,285,963
4711,223,5269
386,43,300
995,113,5308
10,111,17
858,1293,3102
41,188,57
10,3,11
20,6,0
419,1733,0