2550
2.780349155
2154
2.619454715
109245
3127.447463
6310
10.53486548
2833
4.317027144
2833
5.252073047
32633
142.8244755
67753
822.5053598
27667
73.14270142
22711
97.04947446
2317
2.601105722
13271
32.68569564
23146
56.0787045
5193
4.789610398
36137
200.0046004
61797
493.3972463
1793
2.510410056
4546
5.097889893
2154
3.961335335
49606
352.3785604
22011
92.01479485
21594
74.05454065
7078
12.1121655
23018
65.57351253
145961
2772.3092
3070
5.391804387
111002
1792.072245
4450
5.382263673
137707
3232.425635
86037
887.7624988
13070
30.16890405
14484
36.09691662
40840
230.950595
170971
3701.934164
76292
1231.183945
13624
42.29586844