26011
73.47960943
26318
79.64790844
18729
44.76950813
798
1.807172651
678
1.769991813
17107
40.95425226
24197
70.31913042
47871
329.5877622
1099
3.78642655
19422
47.69508201
19375
52.96208946
18698
40.30071974
837
1.977627499
10549
17.8282398
837
2.587144226
17941
45.68231331
18103
37.28651097
47382
244.4443457
5529
8.776651827
5717
7.429305118
5000
5.458189723
19685
29.64963786
32968
129.0381771
16384
30.8518382
18783
2447.558338
4469
7.651383227
688
1.668383838
3001
5.144192563
2633
3.756605324
1285
2.504699981
8895
17.95383523
5095
8.015962973
567
1.491252343
1640
3.568414471
678
2.404538676
8574
9.694894286
1907
5.539140495
1973
4.978336499
35673
81.0727072
27099
422.7800507
50240
420.389987
2380
4.130526549
37099
179.4868074
32561
77.03641618
3917
6.991913575
27623
55.12109638
8582
13.33055879
16169
983.544299
978
4.083506636
21978
1925.858914
7437
26.14819411
1100
3.310233755
23032
68.23538364
23006
36.53240919
49021
162.8940828
21522
30.96943141
4938
7.613331034
13857
21.79741906
2424
9.4045741
3088
5.50002727
14758
19.4521991
6016
10.49537719
13390
16.02634082
3003
5.108417685
43845
311.3586045
24416
73.19908001
3956
6.370505673