71058
749.7801532
71460
623.3745894
61724
381.7650629
819
1.751353166
710
1.908301096
16622
62.4236888
30418
94.87323697
986
2.519582695
39287
175.2817321
58798
505.0765939
34492
140.7235547
885
2.128909227
29798
109.6536981
885
2.707650212
42072
208.5934696
42042
156.1501747
78599
817.3490158
6190
8.306310197
8744
12.89592511
4955
5.744557924
62901
382.5805197
103582
1635.132048
124446
2197.374654
13739
429.9920977
4033
7.634362815
739
1.769568575
2180
4.791653847
3570
4.428751685
1212
2.548192261
6124
10.65270909
8250
11.64917834
650
1.705273842
1035
3.636525106
710
2.636437137
8908
12.85860624
3932
4.496196
2939
5.115624353
98048
1648.653068
97110
1944.5579
106392
2969.037323
1669
3.610867112
55832
1312.477565
3454
6.451488232
15324
26.94291947
7987
92.91566728
1019
4.901539478
26871
3614.320285
14781
24.23654075
873
3.088763487
60960
516.868263
99556
1400.836605
136183
5677.758345
75361
536.2384228
17439
34.18935801
11622
16.89733031
2544
5.278607364
2302
4.948326024
35605
98.23650038
6362
10.55741506
24681
47.25420657
9165
19.18220892
116850
2233.324731
78871
780.0090297
2206
5.207593693