0
5
155
156
158
159
163
169
171
258
262
278
297
315
317
318
319
320
333
335
365
366
367
368
851
855
859
860
863
864
865
870
874
878
880
882
894
896
898
899
906
907
908
909
910
913
914
1212
1215
1285
1286
1291
1294
1455
1459
1462
1463
1466
1468
1471
1474
1475
1476
1479
1481
1482
1485
1486
1488
1489
1496
1497
2348
2349
2416
2417
2525
2526
2527
2528
2655
2656
2737
2738
2739
2740
2741
2742
2763
2764
2765
2766
2767
2771
2772
2774
2780
2782
2792
2799
2805
2807
2813
2824
2847
2848
2849
2850
2851
2852
2853
2854
2855
2856
2857
2858
2859
2860
2861
2862
2863
2864
2865
2866
2867
2868
2869
2870
2871
2872
2873
2874
2875
2876
2877
2878
2879
2880
2881
2882
2883
2884
2885
2886
2887
2888
2889
2890
2891
2892
2893
2894
2895
2896
2897
2898
2899
2900
2901
2902
2903
2904
2905
2906
2907
2908
2909
2910
2911
2912
2913
2914
2915
2916
2917
2918
2919
2920
2921
2922
2923
2924
2925
2926
2927
2928
2929
2930
2931
2932
2933
2934
2935
2936
2937
2938
2939
2940
2941
2942
2943
2944
2945
2946
2947
2948
2949
2950
2951
2952
2953
2954
2955
2956
2957
2958
2959
2960
2961
2962
2963
2964
2965
2966
2967
2968
2969
2970
2971
2972
2973
2974
2975
2976
2977
2978
2979
2980
2981
2982
2983
2984
2985
2986
2987
2988
2989
2990
2991
2992
2993
2994
2995
2996
2997
2998
2999
3000
3001
3002
3003
3004
3005
3006
3007
3008
3009
3010
3011
3012
3013
3014
3015
3016
3017
3018
3019
3020
3021
3022
3023
3024
3025
3026
3027
3028
3029
3030
3031
3032
3033
3034
3035
3036
3037
3038
3039
3040
3041
3042
3043
3044
3045
3046
3047
3048
3049
3050
3051
3052
3053
3054
3055
3056
3057
3058
3060
3061
3062
3063
3064
3065
3066
3067
3090
3095
3110
3112
3126
3272
3273
3295
3296
3322
3323
3956
3957
3969
3985
4094
4098
4783
4862
4864
4874
4876
5118
5119
5127
5129
5182
5183
5185
5186
5249
5476
5482
5572
5574
5760
5761
5765
5767
5992
5993
5995
6105
6106
6109
6335
6344
6345
6480
6701
6707
6713
6725
6747
6749
6752
6755
6756
6762
6766
6771
6772
6791
6794
6819
6937
6938
6940
6941
6943
6945
6946
6948
6957
7390
7392
7425
7431
7888
7890
7903
7906
7907
7908
7930
7934
7935
7936
7940
7942
7944
7950
7953
7956
7957
7961
7962
7963
7968
7971
7975
8042
8089
8091
8100
8115
8117
8177
8178
8179
8182
8183
8184
8305
8306
8393
8395
8399
8407
8417
8441
8442
8447
8488
8489
8498
8500
8571
8572
8574
8575
8576
8577
8592
8593
8595
8875
8924
8926
8929
8930
8931
8932
8934
8946
8948
8949
8950
8951
8956
8965
9002
9003
9014
9142
9149
9154
9155
9175
9184
9191
9197
9199
9210
9212
9213
9287
9288
9289
9291
9292
9294
9302
9303
9304
9305
9306
9311
9313
9314
9315
9316
9383
9385
9386
9387
9404
9432
9444
9465
9466
9478
9502
9508
9559
9686
9691
9758
9765
9766
10109
10111
10193
10242
10243
10289
10467
10469
10478
10480
10618
10631
10635
10636
10648
10651
10652
10656
10661
10666
10674
10675
10676
10677
10728
10729
10730
10731
10732
10733
10734
10735
10736
10737
10738
10739
10740
10741
10742
10743
10744
10745
10746
10747
10748
10749
10750
10751
10752
10753
10754
10755
10756
10757
10758
10759
10760
10761
10762
10763
10764
10765
10766
10767
10768
10769
10770
10771
10772
10773
10774
10775
10776
10777
10778
10779
10780
10781
10782
10783
10784
10785
10786
10787
10788
10790
10791
10792
10793
10794
10795
10796
10797
10798
10799
10800
10801
10802
10803
10804
10805
10806
10807
10808
10809
10810
10811
10812
10813
10814
10815
10816
10817
10818
10819
10820
10821
10822
10823
10824
10825
10826
10827
10828
10829
10830
10831
10832
10833
10834
10835
10836
10837
10838
10839
10840
10841
10842
10919
10930
10931
11247
11289
11290
11291
11296
11297
11299
11300
11301
11303
11304
11352
11544
11630
11658
11773
11774
11781
11836
12279
12281
12282
12411
12417
12419
12501
12559
12678
12686
12687
12688
12692
12699
12700
12744
12745
12751
12752
12845
12847
12848
12849
12850
12861
12862
13024
13025
13026
13027
13030
13147
13153
13154
13160
13163
13165
13171
13275
13276
13283
13414
13417
13418
13419
13420
13421
13424
13427
13430
13431
13432
13433
13437
13438
13441
13442
13444
13448
13450
13452
13453
13455
13814
13826
13827
13828
13829
13832
13835
13836
13841
13842
13844
13868
14052
14054
14170
14263
14264
14274
14275
14608
14612
14617
14622
14623
14624
14639
14820
14821
14833
14840
14842
14843
14863
14874
14879
14906
14914
14916
14917
14918
14920
14921
14924
14925
14928
14930
14935
14936
14942
14945
14947
14948
14949
14950
14953
14954
14957
14965
15005
15072
15229
15230
15233
15234
15235
15236
15239
15241
15246
15431
15437
15528
15529
15531
15629
15633
15634
15635
15636
15962
15967
15968
15976
15978
15982
16207
16208
16211
16306
16307
16308
16309
16310
16311
16312
16314
16317
16319
16320
16321
16326
16327
16328
16329
16330
16331
16332
16333
16472
16488
16507
