1390
2.111701705
1164
2.049847948
56562
692.7781288
2370
3.879977317
1493
2.406312126
1493
2.860271623
11669
22.55004895
13608
25.58502409
11413
11.66791345
9368
18.76529289
1221
1.861542203
6498
11.36753017
5834
5.572242983
2567
2.78347368
20431
67.00564845
12345
23.11917265
908
1.612551716
3317
3.892694662
1164
2.598372526
18605
31.0024713
4060
8.758896526
4416
7.202910272
4739
6.196042482
9041
13.74991248
24140
61.59601202
1858
4.162307474
17964
78.54907381
2337
3.485176519
11041
18.41195772
35146
153.5508885
5036
13.33278336
6776
11.40781371
13936
29.13567467
30252
75.46328442
6607
10.69505834
9544
19.30248678