1529
4.359859781
1201
1.97889433
57749
1979.257724
2681
4.20689333
1561
2.400253156
1561
3.074443253
18682
62.94682204
18959
108.1439683
13651
18.73664604
10582
20.37375257
1258
4.250722153
6732
10.1084869
6011
6.316341009
2623
3.135756125
26042
101.3255159
12796
25.06638778
938
1.739701164
3567
4.290343746
1201
2.726592456
25215
77.29085644
4331
5.538122954
7675
21.20556839
5173
7.029417368
9212
16.3852332
25408
78.90000926
3003
5.676944182
18109
45.17190001
2432
3.804795685
11205
23.3352933
37390
470.1076083
5613
10.09025789
7027
11.41965759
18216
68.06519509
53856
262.6640763
6920
31.49996647
10197
26.06547718